128
0 90 0 174 0 86 48 0 159 79 150 182 158 83 68 0 67 111 0 0 62 109 184 135 154 123 89 2 58 28 55 80 108 105 0 0 0 91 169 0 37 58 133 0 157 175 0 0 14 0 37 68 148 187 0 120 124 122 19 54 0 84 0 127 123 0 26 0 0 69 125 65 108 0 64 0 172 31 142 132 14 0 0 0 93 15 0 0 86 0 148 106 121 139 0 84 72 55 37 0 115 131 192 0 94 0 164 49 64 0 0 185 0 157 0 0 88 96 0 70 68 139 0 117 3 3 0 9 
69 0 136 131 0 67 95 173 0 100 6 146 58 154 147 153 89 71 17 53 0 76 73 128 141 170 153 66 0 71 48 42 192 103 80 118 34 181 0 4 8 142 118 26 187 119 181 85 0 0 17 119 120 94 110 0 97 79 116 0 82 84 172 0 1 0 0 73 175 83 24 103 23 0 30 177 160 91 70 121 0 123 134 0 0 146 148 111 7 0 0 29 185 176 129 102 59 15 26 154 18 96 0 127 105 61 33 109 0 167 170 0 85 88 0 40 0 42 0 32 175 35 44 0 51 0 116 53 
144 149 141 0 151 9 142 75 100 0 106 80 175 0 155 133 13 153 0 186 132 163 30 0 16 0 0 14 128 178 126 79 71 74 36 50 114 16 108 96 63 66 31 20 107 50 60 183 140 65 44 10 0 189 0 83 176 47 35 0 0 0 160 164 0 180 0 32 60 126 172 121 115 0 27 0 52 79 60 181 150 0 65 13 133 50 68 115 172 24 0 103 16 43 137 129 155 150 94 44 0 42 0 90 72 75 0 175 0 182 11 50 177 183 0 106 124 0 0 0 0 102 0 169 109 133 0 0 
0 52 0 124 0 7 148 8 155 0 83 9 0 169 16 0 84 121 186 131 0 0 32 191 171 1 135 187 15 45 34 0 0 66 17 89 126 9 33 0 118 127 35 143 135 84 126 58 0 123 192 0 61 0 27 0 0 188 126 22 153 111 26 189 133 121 126 86 161 151 159 0 0 71 189 0 184 117 0 189 65 23 38 57 9 36 176 165 15 168 67 69 180 0 0 116 56 7 177 176 0 102 46 0 60 39 157 178 178 0 149 67 52 80 0 6 0 0 0 0 143 0 153 0 0 0 64 0 
129 59 112 144 84 0 119 74 0 142 70 102 162 0 154 124 0 0 73 30 0 0 84 0 121 0 8 58 0 1 171 7 40 187 146 76 5 0 5 0 163 88 168 164 66 118 0 0 188 0 132 62 101 111 0 51 0 52 179 166 0 0 72 66 38 14 40 125 190 140 0 168 56 63 58 129 0 0 162 79 0 114 54 188 83 0 154 110 3 69 88 62 97 179 0 152 62 45 115 116 110 154 62 2 178 0 41 47 173 139 177 164 147 0 69 174 0 43 9 62 0 180 188 157 177 157 108 125 
4 192 111 154 0 167 164 84 32 0 128 79 42 0 0 8 146 0 134 0 0 124 74 25 0 152 0 0 28 77 134 18 108 77 0 28 140 79 48 159 134 115 0 107 107 96 40 102 152 0 190 40 147 171 44 77 77 74 0 173 85 106 0 129 121 0 0 46 69 0 0 191 96 65 3 123 161 127 12 178 153 90 174 53 30 0 4 141 36 48 5 64 65 0 0 0 95 113 0 27 186 88 0 72 20 0 0 123 0 72 27 18 139 0 159 192 91 55 0 0 176 12 101 0 158 0 162 0 
51 95 126 57 0 150 65 108 51 11 0 145 38 170 119 34 0 0 0 177 0 95 54 0 37 2 0 38 62 111 160 172 140 166 183 150 0 43 0 153 168 152 102 0 114 0 188 157 35 192 62 33 76 0 0 139 149 86 0 75 126 0 183 110 169 86 110 98 86 114 7 31 157 25 0 34 0 128 138 27 0 157 39 169 109 21 104 130 19 163 113 172 147 10 0 8 0 173 78 0 0 74 14 7 93 184 0 32 42 74 149 49 169 0 103 141 7 5 0 0 0 157 0 20 166 110 34 161 
0 153 34 63 188 52 95 189 130 28 0 102 107 179 111 94 0 123 0 152 127 40 4 0 0 0 40 0 3 47 0 4 46 34 153 13 6 122 83 0 0 188 12 4 167 173 0 0 0 10 79 92 67 0 133 90 0 0 163 54 15 119 0 125 34 0 0 0 0 0 138 157 151 182 0 41 50 152 42 0 48 174 60 100 70 127 98 101 107 2 109 151 0 118 95 0 0 99 97 110 0 0 103 0 103 5 132 0 0 0 0 82 0 5 77 47 20 81 103 5 184 0 62 44 0 0 128 5 
67 145 157 99 30 184 0 0 151 30 150 41 192 173 189 100 161 80 35 191 0 145 81 179 59 93 134 104 96 172 43 102 147 54 0 157 148 51 0 142 188 19 173 98 100 111 1 158 24 125 95 173 83 0 0 0 7 0 149 101 136 177 63 25 153 104 52 67 106 20 27 164 51 190 73 71 168 0 7 184 0 0 108 65 21 45 0 25 167 181 103 189 0 38 30 84 169 176 124 83 108 47 76 66 16 162 22 76 0 115 179 159 82 133 0 79 0 177 0 61 0 88 0 181 0 52 0 165 
187 81 3 0 0 149 148 18 0 104 0 0 99 179 146 88 61 158 65 89 92 0 134 150 0 76 0 112 0 0 127 0 159 126 8 99 0 28 8 66 56 186 18 95 60 172 165 76 21 120 118 0 0 0 80 0 183 134 71 52 0 66 101 12 117 83 38 109 18 0 189 0 9 175 104 25 153 158 11 0 51 93 29 103 17 190 75 26 117 40 117 182 0 0 173 93 119 178 50 0 46 0 0 2 114 79 95 169 30 178 26 138 103 0 139 0 0 0 83 23 0 17 0 69 118 116 2 29 
0 62 165 177 156 107 115 0 162 162 148 0 171 68 115 107 144 118 179 30 31 0 0 71 136 8 148 24 0 0 0 80 34 0 15 0 21 27 128 39 58 156 27 12 123 4 46 151 99 0 0 2 114 108 0 38 144 171 152 129 125 49 0 89 88 33 0 0 127 181 25 0 6 152 22 0 134 126 54 96 135 39 11 166 156 177 0 189 71 155 11 0 97 93 15 16 87 164 0 45 113 128 156 110 144 27 160 21 81 116 0 76 27 0 50 107 7 96 78 68 0 127 192 0 0 0 0 102 
3 62 14 0 105 36 45 170 5 0 2 183 15 0 22 70 0 126 0 160 69 127 14 41 175 97 69 46 152 157 0 158 72 0 44 108 7 190 119 102 56 95 187 0 185 94 0 129 157 13 35 0 0 1 0 169 129 21 39 123 125 161 178 0 0 180 114 43 139 94 126 85 105 110 166 71 133 29 149 119 154 0 0 0 0 71 0 30 14 178 20 171 19 113 58 77 0 0 1 77 0 22 190 37 157 0 186 72 146 157 0 83 0 154 183 0 0 75 0 0 0 142 15 146 0 153 0 73 
45 39 186 184 0 137 78 153 38 40 0 0 0 151 31 132 0 54 108 0 158 118 4 11 55 0 19 0 183 159 114 113 77 139 25 181 148 37 52 184 172 137 137 43 155 58 0 87 33 41 161 105 0 125 74 157 0 101 166 184 52 0 129 76 0 57 50 0 132 96 14 0 121 0 138 0 0 21 0 137 23 90 0 80 101 187 0 48 86 162 124 0 21 0 177 178 180 123 160 0 143 17 148 0 97 138 0 160 39 79 147 53 75 143 95 180 0 0 161 85 0 150 114 178 86 148 89 179 
0 106 66 49 0 85 99 0 0 59 158 37 146 58 34 0 0 102 0 0 0 73 114 122 0 59 147 0 78 124 189 118 115 130 0 155 0 0 19 49 102 0 147 171 71 145 161 149 48 14 97 7 52 107 31 93 14 164 142 149 0 25 39 64 93 104 3 43 0 0 177 180 106 166 0 0 130 34 29 87 63 26 78 96 181 54 124 1 70 2 159 155 0 0 105 159 0 59 187 0 0 79 76 40 40 114 103 0 102 107 140 125 97 85 0 0 94 52 191 181 109 96 143 0 58 74 130 96 
180 0 160 60 135 150 23 79 0 3 22 34 0 43 99 152 14 187 15 0 117 0 183 18 0 65 108 0 133 58 105 187 30 93 138 46 0 0 61 188 0 170 0 153 121 127 0 71 68 0 102 131 60 171 133 15 0 95 0 44 76 0 120 163 0 54 21 152 92 0 9 115 36 0 0 123 2 0 170 101 187 127 169 136 34 42 69 43 0 0 99 122 177 49 118 71 141 92 192 188 58 39 0 181 53 153 0 0 65 0 187 128 0 0 0 124 92 36 35 0 95 158 99 27 0 0 0 41 
39 111 0 183 98 177 57 49 18 0 41 65 65 122 135 1 69 26 143 47 137 14 65 136 88 30 0 0 128 190 101 109 0 163 24 0 0 98 181 190 0 0 0 177 132 49 79 19 166 91 37 118 162 164 3 121 0 98 49 48 175 6 171 102 0 166 0 76 0 139 5 15 0 154 54 63 153 150 0 107 14 70 156 152 22 57 49 84 0 186 0 0 119 75 0 81 0 103 125 38 0 187 80 0 0 0 188 138 192 115 107 51 155 141 0 17 0 5 18 153 118 24 0 0 21 82 0 175 
122 175 174 16 62 0 78 107 99 0 35 137 90 0 181 43 172 86 122 57 49 22 2 161 43 131 79 132 161 47 0 0 187 0 187 51 0 20 72 112 177 78 79 81 85 38 11 138 147 0 47 0 76 0 0 90 0 63 71 0 135 19 0 0 21 0 111 172 0 141 0 0 35 112 136 178 0 115 13 87 74 0 91 99 17 72 163 0 17 186 47 0 157 36 0 58 0 141 19 139 137 0 80 0 142 0 102 86 0 0 78 187 0 111 0 160 0 57 118 132 38 0 124 40 125 33 13 0 
183 157 70 0 0 146 95 119 91 123 24 0 55 36 89 22 0 8 104 0 81 49 121 0 110 110 0 134 129 71 134 59 118 149 0 105 98 116 68 0 103 184 41 29 0 50 116 17 16 191 0 0 49 61 105 0 22 117 0 79 35 166 130 118 151 17 153 104 123 81 143 72 15 163 143 160 131 189 89 160 3 139 5 0 89 0 64 73 93 124 131 191 122 84 0 137 142 107 99 143 135 56 0 81 46 92 85 173 1 105 177 0 178 136 176 168 0 138 182 32 165 0 52 0 26 0 173 132 
141 52 135 167 153 139 93 25 161 184 21 43 108 0 95 156 181 71 148 0 13 19 136 0 91 69 150 0 20 134 12 54 14 53 0 0 76 156 64 16 172 19 188 100 107 68 0 170 24 61 0 13 156 0 91 152 67 48 62 20 48 68 60 65 104 124 110 68 21 0 65 0 0 187 149 5 37 0 168 71 0 92 125 180 0 4 73 180 156 113 58 143 25 47 172 37 118 0 7 0 132 0 0 18 95 182 34 0 112 156 94 0 0 51 186 56 0 0 90 74 99 72 32 121 35 124 14 81 
99 165 165 129 162 185 0 112 0 49 42 173 81 118 21 186 31 33 3 145 120 120 0 9 140 112 175 174 0 0 20 126 89 0 148 58 57 141 168 123 142 21 51 176 82 145 31 0 148 158 84 0 0 34 55 58 146 96 110 87 31 0 0 54 118 115 0 156 92 163 0 125 0 0 29 131 154 3 76 81 106 0 128 153 0 168 0 181 17 174 161 0 75 186 21 119 111 0 173 179 65 191 13 172 179 17 76 108 22 133 29 0 73 67 85 139 87 40 0 0 188 0 0 0 132 120 90 51 
0 88 7 176 5 0 79 68 64 0 161 114 3 143 46 108 51 119 0 19 184 51 54 68 20 95 139 111 142 66 124 90 0 59 102 20 51 37 40 129 3 42 49 0 86 135 98 103 0 7 53 20 132 106 0 27 0 136 0 190 103 9 0 0 42 32 0 143 29 142 57 121 46 89 30 179 63 34 82 32 183 192 16 0 0 33 144 48 117 114 101 79 163 190 25 23 179 133 0 0 99 0 172 0 106 90 0 0 147 101 0 0 0 53 0 22 169 0 109 0 158 23 84 148 148 0 149 78 
0 107 18 42 0 0 0 31 174 0 76 59 188 66 8 139 35 33 97 111 0 184 0 114 22 17 0 143 160 65 159 185 141 134 0 55 72 101 124 31 0 53 35 0 0 100 0 0 186 175 144 142 20 0 78 148 176 41 75 0 140 32 68 1 160 150 0 0 165 164 29 10 0 73 30 101 158 27 75 22 192 16 0 53 0 74 147 190 174 41 0 124 0 180 23 182 34 54 75 41 116 25 99 102 0 0 59 86 0 0 31 0 0 85 0 0 111 70 0 146 167 114 143 47 0 96 0 61 
16 0 113 88 129 91 1 0 88 0 0 0 119 0 48 0 0 191 73 67 116 6 42 0 170 172 96 160 0 108 44 169 161 139 25 0 0 74 45 64 150 19 65 104 0 0 173 135 35 126 161 174 0 116 45 0 122 20 0 0 140 51 0 46 11 4 99 58 0 82 182 53 0 95 0 25 0 104 0 150 0 168 0 187 117 28 104 119 105 130 138 0 182 186 0 10 80 130 179 0 20 62 70 138 0 158 115 50 68 180 131 0 176 69 157 14 0 143 0 20 160 185 34 0 31 91 48 176 
61 25 61 13 0 23 142 132 45 120 177 0 11 0 0 49 171 102 79 21 153 0 66 67 110 121 131 75 0 73 0 0 5 173 137 59 127 103 152 114 134 0 93 111 121 179 0 72 58 0 100 182 94 140 134 187 98 169 3 161 3 163 0 135 0 49 32 192 0 119 13 0 9 19 0 177 137 118 91 105 24 0 182 0 0 115 151 141 0 14 72 0 0 0 0 28 137 9 57 0 78 120 0 0 0 0 168 138 157 60 0 0 77 0 163 133 0 140 0 39 148 186 112 0 51 12 0 129 
0 166 192 48 98 16 74 103 119 165 11 119 50 43 71 19 0 80 152 0 31 56 151 0 89 0 0 0 126 0 76 187 66 77 129 174 43 0 28 140 191 0 150 105 0 94 132 142 115 10 0 0 0 134 0 105 0 165 0 73 0 0 63 0 119 0 107 69 0 0 169 0 172 15 47 0 55 147 86 8 74 0 0 39 60 57 0 142 93 26 120 4 19 178 78 0 176 148 0 15 0 155 0 53 137 152 124 78 36 74 0 10 0 175 0 97 111 142 63 49 64 174 115 23 70 24 181 135 
40 46 162 98 86 0 121 126 88 189 14 139 0 67 45 14 70 0 133 150 15 0 115 51 98 125 156 0 0 0 0 15 0 119 0 0 69 124 82 141 111 0 115 86 0 82 0 99 57 0 189 87 0 0 185 0 10 32 0 13 13 0 0 180 167 162 127 26 79 0 6 27 62 23 138 101 13 103 158 97 117 144 0 174 0 22 0 179 97 115 59 64 0 59 0 127 96 127 0 160 0 11 176 171 0 124 15 36 152 0 10 10 89 191 97 191 139 138 0 55 53 142 137 53 57 115 0 0 
9 0 156 86 0 30 71 0 56 84 29 17 68 0 88 102 0 0 0 24 0 0 187 62 18 68 94 48 0 0 0 62 152 34 95 57 18 1 150 111 188 160 158 107 27 34 12 0 156 72 4 0 24 160 6 90 11 0 17 0 34 187 0 108 183 132 188 87 0 63 146 192 0 31 0 0 118 0 0 39 0 74 173 0 141 105 44 46 0 0 105 0 177 0 183 152 2 0 93 0 178 167 44 107 91 40 118 131 33 145 190 79 81 55 0 14 13 182 0 0 0 123 151 143 0 122 127 87 
31 116 0 123 121 0 70 155 23 96 150 0 165 178 97 0 187 0 0 0 114 0 156 32 43 37 111 0 130 93 178 93 15 0 53 0 0 0 116 189 81 115 175 92 0 6 5 112 138 171 125 157 0 0 140 96 181 101 174 30 80 9 0 66 86 0 0 0 0 174 61 130 0 126 179 60 0 104 0 0 0 98 74 59 184 118 181 6 2 82 58 0 0 0 25 2 0 0 17 39 170 158 161 31 157 91 77 103 161 0 0 156 26 134 0 20 77 18 170 26 0 179 20 78 0 190 8 0 
171 154 0 152 0 188 86 29 0 124 152 31 0 155 122 111 0 66 182 68 0 149 33 0 0 0 56 0 0 0 21 103 47 123 98 146 0 0 0 149 0 169 126 0 0 69 0 10 169 148 7 0 163 43 163 189 109 30 84 26 0 0 178 15 37 119 0 15 83 11 35 36 120 12 0 0 46 0 35 40 78 11 35 34 74 37 0 63 37 190 21 61 169 58 105 92 134 139 0 180 0 0 88 16 147 0 53 0 173 60 97 62 0 4 25 0 104 139 107 165 50 160 0 94 41 163 180 0 
132 59 192 20 0 22 171 89 177 0 64 8 131 0 35 136 0 189 15 130 31 0 176 31 149 10 0 122 107 160 128 157 150 0 0 144 185 17 0 144 29 85 47 25 106 112 48 151 0 0 138 127 22 0 15 170 114 68 72 120 9 174 160 85 0 28 82 0 51 132 0 106 154 56 169 119 136 74 0 148 0 0 0 109 90 162 96 0 189 5 37 75 79 138 134 179 167 0 71 175 51 192 114 12 87 0 152 67 0 0 0 95 0 190 0 159 0 88 0 35 113 84 172 0 0 7 0 0 
0 4 0 158 185 0 94 0 0 0 0 82 130 54 98 87 134 154 0 0 40 128 152 149 0 0 0 121 82 0 0 0 37 187 9 18 16 143 11 82 73 67 179 0 101 124 0 172 98 147 142 0 162 12 0 80 176 37 12 33 43 0 0 89 26 0 35 180 166 109 162 43 0 0 0 90 152 44 72 99 70 0 191 46 0 36 56 128 11 176 156 17 54 56 0 88 0 82 165 0 0 69 0 3 136 79 0 0 124 123 15 160 166 0 102 64 55 172 0 8 51 6 0 21 128 0 0 121 
22 166 54 134 115 94 72 31 122 164 161 167 0 0 0 22 80 22 100 33 142 0 0 0 29 0 18 69 14 163 75 152 171 132 137 126 186 163 60 175 52 41 66 20 49 0 0 83 0 152 186 182 177 153 163 158 32 0 0 116 90 111 111 42 94 129 155 0 144 0 135 27 0 15 10 81 26 0 102 87 8 174 55 173 0 108 168 95 0 0 142 0 78 0 73 0 39 156 165 55 0 155 0 0 0 0 164 0 46 0 34 157 58 0 0 60 146 89 82 136 63 132 41 128 131 1 107 78 
0 136 13 175 0 4 75 0 0 134 0 68 0 74 13 0 165 85 64 0 81 0 0 0 0 53 49 137 136 0 70 31 77 132 135 163 145 17 151 115 0 10 106 42 174 192 0 63 133 39 28 0 6 41 101 0 0 0 4 174 0 151 0 116 0 122 53 27 117 9 143 73 140 0 45 44 0 109 0 157 125 15 95 164 0 0 55 87 177 80 40 173 33 18 25 25 41 146 71 104 0 118 121 0 59 0 71 57 58 0 146 24 162 44 0 87 44 55 64 53 62 0 85 0 0 187 146 113 
72 103 129 4 152 31 129 127 14 139 83 129 2 30 171 0 128 96 96 19 190 138 128 46 61 44 150 92 186 69 172 36 0 43 0 39 134 0 71 148 0 33 27 0 185 162 64 81 0 0 26 66 17 58 93 5 95 0 62 153 30 20 59 0 75 24 0 36 0 131 77 166 0 1 17 12 0 172 77 79 80 180 79 0 164 5 0 127 0 12 62 97 149 132 46 12 44 86 141 0 174 53 141 129 119 44 190 165 80 116 47 0 27 13 8 145 52 52 0 104 132 0 170 99 58 0 75 110 
33 20 68 0 0 157 0 71 124 191 75 119 25 84 98 152 172 77 22 52 44 178 0 0 117 18 154 7 140 0 152 11 71 60 119 172 21 44 0 83 3 178 47 76 20 166 0 0 123 0 158 113 110 0 5 47 0 0 129 34 126 0 133 0 100 60 0 0 0 81 79 106 107 0 175 0 121 88 190 142 149 108 0 143 116 180 188 106 0 9 180 151 172 133 96 0 6 137 0 186 47 64 0 0 25 25 74 51 67 157 141 0 0 27 0 48 182 0 43 82 45 9 71 168 98 98 0 148 
192 6 159 158 0 179 0 0 169 0 61 96 16 73 191 0 94 84 122 55 75 24 104 149 42 0 89 33 126 79 0 10 0 0 0 0 166 183 1 157 124 0 0 178 84 102 50 0 87 136 70 0 34 0 109 24 101 101 63 157 170 32 153 60 180 45 16 34 38 0 0 27 30 118 76 0 0 0 168 163 0 166 0 188 51 184 44 118 77 149 109 0 187 0 168 51 2 60 147 106 172 0 105 40 125 0 136 47 0 22 56 80 82 125 55 169 64 53 87 185 35 0 106 10 0 148 18 52 
168 0 158 155 150 171 141 91 150 0 79 0 137 155 27 25 105 85 70 0 118 23 0 75 24 0 0 20 109 168 0 105 38 1 0 87 169 30 27 131 33 83 0 0 85 0 169 159 51 113 0 0 90 110 111 91 109 0 0 0 183 69 123 83 144 72 38 132 0 0 0 9 88 0 162 108 57 102 96 50 122 26 0 70 103 0 56 0 12 49 26 140 168 0 0 120 14 66 157 84 121 111 0 0 99 132 0 62 0 158 18 151 173 0 133 0 59 0 125 0 0 181 94 11 37 101 70 0 
163 180 99 95 0 24 0 136 6 186 0 33 5 85 143 179 138 136 0 69 34 146 87 73 0 160 20 83 0 182 128 40 43 181 12 0 0 128 136 97 92 118 88 57 43 140 71 0 99 133 0 0 146 0 90 145 0 0 0 185 176 43 85 88 0 58 0 114 0 159 41 174 0 113 5 99 142 0 39 192 130 181 0 32 17 0 0 103 180 136 0 0 186 96 80 28 184 0 18 21 119 82 87 1 168 95 50 108 0 67 178 83 0 0 161 0 80 31 0 0 174 0 62 88 182 0 27 0 
0 159 97 0 108 0 0 0 44 30 162 43 79 97 0 0 47 0 101 12 140 70 34 0 41 127 16 6 144 0 0 189 0 73 176 134 0 0 123 95 40 120 100 0 43 36 179 9 89 84 0 116 187 170 183 59 157 157 156 155 60 130 0 34 30 143 78 0 34 97 30 59 154 156 54 121 3 2 4 24 0 174 82 73 175 0 63 63 0 0 156 141 0 117 148 60 166 26 149 151 0 44 0 116 0 164 0 76 40 0 0 146 165 0 189 156 13 0 29 108 170 6 52 127 0 0 21 0 
130 0 113 34 154 47 0 82 26 0 45 0 0 132 127 21 0 36 22 53 170 54 0 0 126 0 120 23 181 92 76 162 0 0 0 12 0 0 6 0 0 99 0 82 62 0 44 142 0 47 165 0 108 0 156 138 70 0 122 80 0 72 65 0 0 0 0 0 0 77 81 122 0 0 135 70 192 0 149 156 143 101 119 77 87 155 0 10 6 128 10 51 148 102 165 18 0 0 0 130 148 26 71 0 86 0 49 122 117 189 55 155 191 44 47 166 1 139 102 64 72 88 87 0 184 120 52 24 
0 0 118 12 0 118 89 6 108 0 189 0 43 8 18 105 0 155 139 25 138 127 122 145 70 0 171 48 160 87 0 103 102 164 114 86 64 91 77 82 0 100 0 0 63 0 0 98 38 134 80 176 28 38 98 163 106 189 179 95 130 40 1 180 138 0 174 55 0 182 0 63 20 132 120 0 4 116 41 33 34 163 87 4 23 36 35 0 43 30 65 0 162 0 105 119 0 0 0 45 155 68 158 0 0 27 0 172 0 0 159 6 20 161 85 2 1 0 0 0 145 0 0 56 183 140 0 35 
42 58 136 18 36 115 181 0 129 168 162 186 78 0 50 118 67 177 32 0 70 0 126 0 0 63 0 0 147 136 23 60 0 144 6 23 40 0 18 131 167 43 116 0 22 0 39 0 0 90 147 84 0 0 53 173 140 91 0 66 20 37 145 0 0 68 191 93 157 143 179 27 114 72 129 62 120 39 0 94 130 169 0 77 1 33 93 0 42 41 0 15 148 64 24 47 128 0 140 0 184 22 180 0 46 70 0 147 0 119 100 104 0 104 15 68 9 5 167 0 65 32 27 5 97 0 169 0 
0 35 166 160 0 0 127 0 64 64 165 174 89 0 182 173 0 189 149 0 0 186 0 122 192 78 86 166 0 31 101 167 21 0 0 0 19 181 32 0 32 62 159 134 184 48 68 46 148 45 0 0 98 57 84 21 76 90 121 107 34 0 77 169 68 56 4 33 0 7 93 60 101 0 88 122 0 13 0 183 24 0 159 46 175 10 147 138 86 81 50 186 8 0 33 44 110 0 173 34 190 99 34 51 13 17 0 78 94 0 58 0 38 63 0 64 0 86 0 123 96 153 84 72 40 42 92 165 
169 0 23 108 83 127 81 65 156 52 0 43 167 90 7 181 190 174 0 91 140 82 123 166 147 16 90 144 122 32 82 113 117 128 19 3 134 173 127 84 42 138 0 0 138 141 0 32 62 0 181 111 0 46 49 0 129 64 3 0 51 71 0 175 26 0 64 8 0 0 29 111 166 191 18 148 0 92 0 60 79 171 41 97 192 3 141 89 154 30 75 165 0 7 156 95 0 114 0 176 151 2 44 116 0 187 132 5 155 139 0 70 89 40 0 183 39 155 47 58 12 134 75 0 0 63 0 189 
0 149 185 109 103 0 111 0 124 184 0 1 0 135 8 2 0 0 0 109 0 182 114 10 0 0 0 114 0 151 95 71 111 153 0 0 50 146 0 108 112 159 95 26 79 186 42 1 103 144 48 0 115 108 190 44 0 0 44 0 0 111 169 186 21 0 0 7 176 0 131 80 70 118 103 0 114 0 133 0 0 69 0 83 52 0 178 11 166 109 77 29 105 93 58 0 0 68 163 0 86 59 178 66 0 0 26 0 0 0 155 0 44 106 70 21 159 0 0 157 24 0 5 141 180 183 45 139 
0 0 76 91 50 91 0 0 172 50 73 12 175 0 115 157 0 179 159 0 53 171 0 22 18 100 178 21 154 0 91 132 8 129 40 108 67 0 0 184 0 29 0 51 11 0 56 76 141 0 0 0 170 0 167 87 86 20 0 22 0 0 0 44 0 49 39 97 0 109 169 0 115 43 149 167 0 123 0 92 169 0 89 137 0 103 37 0 0 146 118 180 0 90 140 0 169 0 20 0 0 111 45 0 115 114 58 0 103 141 47 153 150 62 0 72 136 107 0 70 178 28 5 116 47 90 44 0 
143 9 136 0 157 91 0 92 128 0 97 0 166 172 84 109 186 98 55 0 47 47 33 99 131 0 69 180 115 6 83 30 150 144 188 189 171 134 3 0 61 175 0 72 81 184 184 0 0 85 146 100 0 63 86 188 110 48 53 0 128 172 180 0 0 119 79 97 186 175 103 122 111 76 0 0 0 85 0 62 0 91 108 33 156 90 0 149 187 0 0 116 35 119 108 0 95 159 129 0 156 140 0 169 83 29 23 0 170 0 100 137 6 93 65 0 0 185 115 25 0 38 78 56 161 0 65 108 
128 97 83 104 140 139 47 0 0 71 183 13 53 0 27 35 176 0 183 9 115 38 17 104 132 138 91 0 151 136 0 184 19 172 13 0 32 28 181 154 0 153 132 192 0 158 178 0 60 55 155 36 190 135 40 90 0 51 1 0 115 71 127 47 0 3 7 157 88 96 10 75 178 0 42 71 113 182 0 94 52 53 0 171 168 57 121 185 53 43 2 169 0 183 0 129 172 166 88 47 4 0 112 66 49 8 0 0 120 26 99 131 0 30 0 0 0 157 0 0 92 149 70 183 101 72 0 102 
4 125 0 136 28 0 175 146 152 4 110 57 0 79 105 177 182 149 37 94 125 167 0 72 141 117 93 47 0 0 0 129 0 85 51 68 0 0 12 130 147 0 49 52 168 0 0 17 58 73 0 150 0 180 86 191 29 110 167 0 187 145 67 0 109 0 0 74 44 8 1 53 0 0 0 58 0 78 62 0 147 180 50 45 140 45 164 21 20 146 15 147 191 71 45 55 0 0 0 14 28 36 26 55 144 0 83 124 67 90 169 55 140 127 52 103 19 0 81 119 18 129 0 162 181 34 167 81 
131 166 129 0 171 0 190 77 0 140 18 158 41 0 69 119 127 0 105 34 45 0 53 0 106 67 60 39 14 0 146 12 54 151 6 36 169 0 59 170 19 90 0 7 100 154 91 88 135 123 39 150 31 94 0 189 89 115 28 11 6 67 100 147 0 76 0 73 52 56 53 67 0 192 13 15 108 0 177 147 37 116 91 29 188 54 0 164 23 93 58 0 0 0 0 37 27 86 96 26 0 144 125 134 121 40 101 106 0 0 167 127 10 0 93 162 0 87 0 57 16 185 0 18 138 108 65 115 
144 0 94 33 69 137 5 93 0 0 179 0 161 143 59 129 0 177 43 76 151 119 134 172 120 62 0 33 166 2 33 191 33 143 119 84 56 0 0 92 0 166 128 49 187 86 125 0 0 48 0 161 34 48 31 156 0 36 114 118 52 153 94 109 77 101 61 182 71 84 0 157 0 0 0 33 158 135 157 26 0 64 0 113 65 0 111 41 30 109 94 0 157 161 162 173 19 124 107 124 127 192 25 0 17 160 51 99 78 3 89 0 0 59 93 112 127 82 159 0 183 101 0 74 9 118 173 12 
97 9 0 0 10 73 0 0 25 0 39 41 0 0 143 132 11 134 101 3 109 0 11 79 178 0 46 187 0 26 28 0 83 59 156 68 0 86 183 110 173 88 0 0 75 21 16 144 36 0 180 143 37 168 0 44 98 0 103 142 114 46 96 0 0 163 129 87 107 7 150 84 0 6 96 0 71 107 56 9 0 0 44 0 0 0 0 43 71 69 174 62 177 159 24 90 187 0 11 127 99 0 107 166 0 0 0 8 159 0 0 0 17 0 65 185 0 0 54 0 99 14 0 74 88 113 0 173 
0 20 114 15 0 0 20 109 23 119 130 100 0 0 64 55 24 11 0 104 176 162 125 9 172 80 0 0 73 81 84 74 124 167 32 41 174 73 0 150 25 165 5 0 0 33 0 176 0 95 0 0 0 8 107 50 126 0 141 0 79 0 189 75 181 139 172 0 93 145 137 49 0 68 54 0 0 0 0 0 164 38 79 91 99 0 13 138 156 169 0 139 102 188 182 92 68 21 52 0 49 77 58 191 22 123 54 146 178 12 84 47 63 0 70 0 59 180 61 0 179 0 58 65 0 0 152 73 
191 157 38 154 138 173 161 0 56 0 113 156 22 0 0 0 175 0 0 67 0 23 0 52 160 105 116 78 192 82 151 0 0 128 52 0 0 0 74 0 117 9 177 0 88 0 124 37 166 45 0 0 38 17 0 86 104 113 151 77 142 68 106 0 125 55 159 0 123 0 84 49 0 0 0 15 142 0 164 114 45 41 174 154 62 168 0 0 92 115 0 109 0 58 157 75 126 105 78 102 95 88 98 67 0 89 26 140 0 0 0 98 149 0 91 173 184 0 173 34 0 67 129 0 0 111 0 147 
29 36 45 174 0 95 142 9 0 147 32 2 5 41 106 0 151 3 0 66 54 112 26 37 0 129 124 28 176 141 101 0 159 49 170 153 40 0 35 79 148 106 0 0 0 0 57 77 139 74 63 119 0 11 89 131 180 43 0 0 101 139 0 119 157 188 130 108 156 130 0 125 49 144 0 117 87 131 143 0 3 75 139 93 175 122 155 75 26 135 28 27 100 8 129 166 0 110 0 93 96 141 96 8 0 120 0 114 126 0 133 182 0 191 0 108 0 111 183 184 11 151 10 149 163 51 0 101 
0 111 167 31 105 0 170 0 79 46 0 32 190 142 43 45 166 88 0 65 0 55 72 113 27 0 169 94 116 119 0 158 183 0 156 0 132 28 0 93 0 41 62 189 0 8 0 21 60 152 19 170 63 66 176 155 125 0 182 118 158 43 122 172 67 0 168 26 107 0 90 0 52 0 33 175 175 145 36 182 126 81 0 91 49 121 181 0 142 0 0 0 57 188 58 54 104 0 153 120 57 40 15 0 0 0 0 35 44 0 0 0 0 175 0 157 190 0 61 46 158 146 54 98 21 165 188 0 
37 188 0 1 98 184 0 81 0 135 20 149 0 162 25 23 95 159 0 106 49 159 163 188 9 108 170 0 103 139 0 173 169 91 188 148 0 23 0 92 15 0 6 79 171 0 140 119 0 0 142 0 70 121 17 106 34 96 0 52 189 160 43 138 0 87 0 169 68 76 33 41 70 120 152 0 40 0 76 25 0 53 100 145 137 135 0 0 43 71 55 0 70 0 191 2 6 11 9 37 0 96 44 187 133 76 155 156 35 27 0 55 0 158 0 0 19 110 189 141 88 191 153 98 65 57 120 114 
0 0 0 61 146 29 90 14 135 146 5 0 57 19 116 77 43 149 0 178 68 145 112 8 45 22 178 0 32 0 57 19 188 8 81 0 186 49 122 79 0 121 0 99 16 142 0 0 11 141 43 98 0 157 93 95 169 0 118 82 107 0 0 152 172 65 6 30 61 101 62 27 186 48 23 133 104 58 10 72 136 190 100 78 65 79 181 0 96 51 58 9 0 50 0 171 104 147 18 0 36 0 0 0 24 68 136 95 120 139 177 114 0 144 104 0 13 0 37 68 167 131 137 0 188 0 65 111 
0 0 0 180 183 6 150 84 0 13 185 113 100 81 121 123 15 105 155 48 18 108 102 57 0 78 0 174 114 169 13 132 0 59 117 10 136 162 0 175 164 4 56 70 153 173 17 0 0 185 111 0 14 0 96 136 124 133 82 139 149 0 143 74 48 127 21 173 181 117 72 33 20 137 177 80 0 70 0 187 0 165 119 36 101 185 53 106 0 0 0 148 0 0 107 50 0 3 115 95 173 0 68 94 18 131 0 0 121 9 0 0 0 16 0 46 152 101 0 0 94 142 51 154 7 0 0 121 
99 58 154 130 136 73 172 32 1 160 109 0 73 0 21 36 33 173 153 17 62 33 0 0 12 72 0 0 0 191 59 0 110 0 0 32 0 157 145 0 34 170 0 0 99 38 82 0 19 151 132 92 125 0 39 0 0 104 179 0 173 68 166 142 18 58 32 45 190 180 153 191 29 181 45 0 177 0 109 140 43 135 148 145 182 17 160 0 1 96 63 191 0 178 8 99 0 0 18 0 149 0 14 0 76 12 104 0 0 164 89 27 0 115 0 11 0 94 0 148 102 119 0 58 140 135 177 0 
79 21 91 64 41 0 93 0 113 30 50 58 161 22 8 63 0 172 135 0 192 117 0 191 118 158 55 117 42 0 7 0 168 0 120 111 66 0 34 185 0 0 54 82 74 173 72 30 104 70 176 0 0 174 157 0 0 111 0 51 65 116 0 142 168 0 43 94 40 45 5 0 31 140 77 178 0 104 6 149 178 48 0 150 171 7 107 18 0 117 0 107 56 54 119 0 56 0 38 95 79 0 126 69 192 121 0 142 78 110 186 91 21 29 98 92 120 165 188 0 156 36 76 0 0 185 145 184 
50 192 0 160 94 178 0 156 0 48 170 150 51 0 166 87 3 47 0 49 77 75 141 51 1 1 46 0 178 0 84 0 125 0 128 148 113 76 0 114 168 0 89 95 0 5 122 157 0 90 106 173 120 166 180 15 182 118 113 157 0 166 100 127 71 38 0 160 192 158 160 0 172 17 47 21 134 18 0 154 0 0 0 58 0 0 0 82 51 154 63 22 0 33 0 1 105 111 54 62 88 102 151 23 190 157 181 181 92 110 169 178 92 156 106 38 165 23 130 145 92 52 109 58 184 53 130 124 
142 61 6 185 0 0 79 182 0 14 121 167 166 71 184 124 69 34 0 82 45 33 0 21 150 128 71 75 0 56 26 46 0 50 178 31 0 93 0 136 0 173 177 9 0 19 0 0 97 7 0 10 0 129 116 114 3 141 146 120 163 117 163 97 0 0 106 115 191 2 0 0 139 35 123 79 0 13 187 83 174 137 29 54 0 27 183 187 12 131 104 0 129 178 42 83 136 145 107 144 0 0 0 168 0 10 100 7 0 73 105 61 158 0 103 0 116 0 128 0 10 105 164 86 34 46 63 0 
0 13 85 175 192 0 150 0 70 77 0 0 7 0 79 21 160 42 0 16 180 0 163 16 147 180 131 176 167 0 0 0 127 180 169 163 77 192 0 17 141 106 75 142 59 130 0 0 0 9 125 123 138 0 95 185 190 73 0 19 0 0 80 59 60 122 133 89 0 19 155 66 76 97 31 108 180 0 6 0 98 115 159 149 0 181 137 0 180 0 86 0 148 0 24 66 184 0 0 120 0 0 118 32 0 55 0 104 0 0 69 67 0 49 90 100 15 153 53 30 88 0 155 112 27 38 154 91 
0 0 24 57 0 0 125 133 7 56 133 0 0 110 0 186 39 160 185 164 49 0 74 103 101 115 19 104 105 102 47 121 0 125 162 0 165 35 0 77 12 112 7 11 64 107 58 130 21 37 128 28 38 47 77 0 53 178 0 2 180 0 79 109 0 138 135 58 115 94 158 10 24 157 0 30 161 62 0 15 162 175 35 34 40 0 16 124 107 89 180 0 123 127 157 189 190 29 178 175 189 171 0 57 6 32 0 25 163 30 0 186 39 120 111 131 10 141 0 0 173 136 126 53 152 31 0 0 
188 61 0 1 0 0 0 109 141 55 110 126 0 4 1 48 88 0 28 44 32 99 185 0 112 60 113 117 0 0 118 43 137 51 181 112 18 0 0 93 98 179 8 104 8 188 30 0 0 138 0 32 186 95 0 0 133 76 56 68 189 0 90 1 0 0 40 30 77 37 80 111 131 48 38 170 0 121 41 119 0 0 180 84 0 96 0 156 0 178 0 57 82 191 93 136 102 131 4 61 67 172 181 0 13 3 83 159 173 163 188 0 94 0 183 65 141 0 0 23 49 77 117 109 136 59 19 126 
0 118 116 0 17 0 0 132 81 0 0 8 143 9 0 0 5 102 140 118 56 176 19 72 148 171 0 2 3 172 149 0 105 134 0 22 1 118 181 169 62 0 0 142 32 149 0 50 94 153 23 138 120 181 0 0 0 128 149 26 45 112 124 181 18 1 120 0 50 24 0 16 137 91 5 0 121 51 34 135 16 0 0 190 59 0 0 36 124 124 38 0 132 20 191 119 183 91 59 154 151 172 151 34 22 184 105 181 79 0 3 64 113 88 41 157 48 60 0 51 40 10 0 111 39 5 184 174 
124 135 119 0 0 64 60 24 18 26 0 3 33 113 42 114 0 79 107 156 0 138 0 131 42 51 6 0 96 65 41 7 169 79 118 185 184 82 153 171 0 89 0 19 70 152 110 0 143 0 0 0 0 0 47 177 0 30 131 0 0 118 0 0 0 8 0 51 0 186 21 0 0 47 192 93 0 0 0 185 0 0 170 15 176 126 124 145 172 176 145 7 0 192 88 0 93 10 89 0 92 19 0 74 0 118 0 164 149 0 0 73 122 63 51 0 55 73 183 57 110 0 83 104 172 146 24 57 
15 42 0 98 171 0 0 0 24 99 75 0 125 179 139 0 0 0 7 2 0 144 97 119 5 0 19 121 0 166 165 0 0 16 99 107 7 138 103 41 6 0 0 0 73 16 92 117 126 186 0 54 0 28 114 177 14 100 92 62 0 147 85 151 9 88 16 129 86 27 148 0 179 0 0 126 0 93 11 153 32 82 0 62 160 28 128 68 0 68 0 153 179 0 106 16 0 124 25 166 3 167 0 130 0 1 32 172 49 175 0 28 170 78 0 66 0 12 192 0 37 190 102 167 123 0 123 9 
0 149 130 1 73 100 139 0 0 0 124 64 143 33 0 0 123 92 0 4 2 69 32 17 77 169 12 0 142 185 36 4 26 18 138 77 0 0 91 71 190 170 84 161 70 28 2 67 85 109 37 0 100 49 66 118 69 91 19 79 15 73 31 0 162 30 7 0 156 139 145 0 38 180 0 9 116 0 22 164 32 0 188 119 0 172 31 37 109 52 138 0 82 22 0 53 78 0 168 0 131 91 141 45 83 112 0 10 114 154 143 65 50 81 88 0 129 0 2 24 108 158 68 66 79 0 107 124 
76 29 135 135 52 58 0 0 182 133 105 71 99 35 51 44 168 81 57 0 0 147 85 191 92 108 144 0 9 181 0 72 0 0 109 0 66 0 13 132 40 110 122 41 4 145 76 155 117 148 84 179 0 0 19 165 110 77 0 190 116 36 81 51 47 32 0 187 174 177 133 91 6 134 147 0 83 183 8 162 0 155 176 0 146 0 134 155 5 17 27 0 55 187 0 7 170 77 54 42 0 122 27 25 153 0 0 7 105 168 146 73 0 46 0 134 76 17 125 3 0 130 0 174 120 86 13 42 
48 151 0 86 131 177 0 0 130 0 161 138 0 46 124 128 0 0 0 0 122 20 0 185 0 165 0 143 141 102 136 70 63 70 98 0 90 21 92 59 0 173 166 0 147 0 173 180 59 3 8 3 173 152 46 91 0 18 128 35 86 114 118 0 180 124 95 54 148 119 3 0 158 0 124 0 0 140 49 142 0 120 71 67 123 12 111 87 0 38 0 123 135 84 57 125 165 149 0 184 0 113 0 30 45 2 0 99 131 157 0 0 69 0 68 96 0 0 56 77 74 0 175 115 55 45 72 78 
0 58 184 165 121 104 113 91 45 176 143 60 164 23 100 25 168 28 51 172 188 2 0 126 24 109 0 186 9 165 0 139 55 83 32 122 62 86 107 40 0 43 141 100 138 6 51 28 128 0 142 127 0 64 188 158 0 63 30 158 0 0 35 108 114 59 2 0 0 0 34 126 106 0 92 90 119 134 23 167 15 93 1 125 59 0 14 23 68 162 143 23 100 86 18 126 0 49 42 158 83 0 92 89 0 73 163 87 68 48 0 0 18 0 121 0 102 0 138 150 155 0 70 54 0 109 28 36 
171 0 45 0 110 66 0 117 0 17 166 183 188 102 68 88 81 113 52 64 160 131 106 177 119 75 125 168 105 88 9 188 91 3 0 0 149 0 35 0 168 159 99 90 158 20 172 118 0 71 0 20 123 53 36 190 69 0 151 119 164 177 0 0 0 49 175 173 176 0 12 16 86 161 122 0 174 51 139 6 83 53 12 144 91 0 53 143 1 57 55 6 179 170 0 61 5 123 0 0 0 0 88 0 175 0 72 0 11 0 160 0 64 145 47 0 154 89 182 49 20 37 156 100 142 0 173 116 
128 49 149 157 0 188 75 44 168 82 0 126 107 110 141 0 166 60 0 0 14 1 0 107 78 80 144 0 0 83 94 70 152 26 188 126 9 65 78 0 130 0 189 0 63 121 144 183 119 58 0 0 83 0 59 20 26 4 0 0 32 32 167 70 127 0 91 161 138 0 0 73 24 0 107 0 91 113 60 85 174 0 0 0 0 100 73 105 127 95 95 113 0 5 0 0 164 139 121 103 130 7 148 63 74 181 188 10 84 172 54 139 36 157 0 164 0 0 127 180 119 93 31 0 0 11 114 158 
59 8 46 121 90 0 103 34 0 77 166 56 157 41 146 0 65 28 111 0 46 0 70 94 97 42 181 0 0 166 30 87 0 0 0 36 189 155 101 0 65 183 181 110 180 47 152 72 111 144 26 103 24 61 130 0 133 123 121 0 39 0 28 0 134 0 128 64 13 105 171 0 9 190 156 59 57 17 0 63 123 76 92 182 113 0 58 40 0 145 34 103 125 46 125 136 45 85 174 15 0 69 30 157 2 118 0 191 152 50 29 112 190 186 57 0 0 44 76 156 166 143 2 133 13 43 0 149 
114 106 119 0 0 0 86 127 155 0 150 174 0 64 0 21 68 138 177 90 93 0 80 131 153 139 56 39 0 122 33 0 1 164 0 158 142 87 154 76 74 6 192 178 0 131 123 0 159 48 83 182 0 0 6 170 0 36 43 20 159 0 175 33 111 122 49 45 17 76 80 192 32 0 5 0 0 118 0 178 166 191 70 0 0 0 55 103 142 6 154 157 184 0 61 20 60 147 169 188 56 41 188 185 73 64 132 143 0 158 147 133 118 46 60 93 0 84 174 53 0 25 189 133 125 30 171 0 
45 0 190 0 0 102 154 20 53 0 118 174 2 46 95 134 147 191 0 28 185 143 0 159 142 58 130 0 0 145 168 0 31 0 61 80 189 175 0 61 65 0 124 52 6 155 60 168 96 0 0 0 108 117 60 42 178 119 117 129 138 7 101 162 84 0 174 17 53 62 0 129 106 0 2 92 105 0 0 52 25 81 138 82 0 0 0 133 162 59 0 87 75 22 75 189 126 0 0 153 31 183 160 191 0 125 153 125 116 150 59 158 3 132 101 1 116 81 83 0 0 30 65 0 0 169 184 91 
52 20 76 0 85 0 33 0 100 150 122 177 0 94 0 86 0 0 10 150 0 11 140 179 0 0 108 0 0 100 0 14 67 97 51 50 63 93 3 182 0 9 174 131 30 4 0 0 0 178 145 156 0 44 157 86 46 111 68 106 63 0 0 54 0 141 70 172 17 0 188 174 163 88 0 10 174 1 44 60 184 94 0 171 2 129 117 0 56 28 182 86 74 57 42 69 19 177 0 26 125 156 82 108 116 5 4 0 0 184 127 47 0 181 172 0 0 169 0 176 14 100 17 0 0 130 92 0 
81 162 0 79 0 165 131 0 125 30 0 47 85 132 0 0 66 146 38 158 0 71 164 148 0 71 40 110 27 15 0 0 17 83 10 61 186 180 20 32 142 0 65 0 2 188 83 67 55 98 58 26 133 148 0 82 137 114 38 0 96 0 164 6 90 35 119 0 148 0 0 112 145 113 99 76 27 88 110 0 116 81 78 101 135 45 0 69 0 10 98 78 0 0 47 0 9 165 0 125 113 48 0 0 0 154 38 180 110 148 114 66 79 114 144 0 28 0 35 174 137 97 0 127 188 0 78 56 
100 124 50 128 90 33 192 0 37 2 1 111 0 57 55 168 0 178 0 0 155 114 13 141 148 0 178 0 27 46 169 172 0 25 0 0 138 46 0 0 173 0 157 43 21 0 94 0 43 0 0 171 69 153 41 0 24 61 124 13 0 0 48 120 4 31 151 0 9 158 0 160 75 171 185 41 153 102 160 144 11 174 119 0 152 92 172 29 68 50 27 64 21 66 32 32 47 38 133 181 182 184 73 140 88 110 0 160 96 118 106 116 0 0 50 188 154 111 171 0 133 17 171 32 0 22 18 130 
125 172 69 33 168 181 82 0 71 100 0 102 0 67 112 75 0 161 0 36 24 80 155 0 13 32 0 28 150 38 149 40 111 75 109 0 0 157 66 17 169 57 18 0 90 0 108 0 59 17 80 0 0 17 0 36 51 0 22 111 135 10 28 78 0 29 79 135 0 8 141 0 96 12 127 122 88 163 0 113 0 131 0 129 122 147 62 113 108 77 107 63 101 74 88 0 77 53 93 39 51 16 142 0 62 122 24 167 171 183 104 149 151 0 32 31 116 0 149 97 2 0 87 0 0 0 10 23 
0 85 126 183 16 69 64 33 190 0 27 63 16 0 0 73 40 98 190 37 0 18 0 0 183 168 39 0 103 21 22 30 10 103 0 0 103 0 54 37 159 23 31 150 116 48 116 0 42 165 74 0 0 0 90 37 0 3 92 125 0 154 39 159 17 66 119 20 141 58 136 0 0 0 19 0 0 0 37 138 131 70 64 128 72 84 10 141 100 191 168 14 169 84 65 52 0 0 0 110 192 2 90 11 154 113 0 0 123 184 79 0 130 191 157 0 0 108 70 110 146 188 122 124 103 105 146 85 
136 188 0 0 3 154 0 0 0 91 90 0 99 138 120 106 97 0 0 164 44 183 21 77 168 0 0 125 108 101 0 0 0 125 181 147 88 0 55 0 0 43 113 0 114 99 8 69 77 144 93 140 34 0 118 0 184 0 0 156 135 93 0 140 16 122 0 55 0 0 147 0 97 100 0 76 137 0 0 59 129 0 0 128 170 0 104 0 107 104 188 98 112 0 47 31 94 0 0 45 0 124 3 111 16 0 131 0 0 77 145 27 21 162 73 61 177 0 58 101 175 184 0 0 136 0 0 79 
92 173 69 0 121 0 41 0 0 103 117 141 10 168 112 29 85 87 23 47 23 115 0 133 94 83 0 134 143 151 98 94 11 0 1 0 0 134 0 103 1 130 26 60 73 179 187 189 53 12 183 148 0 0 0 138 0 173 0 93 0 47 178 0 41 8 0 15 162 66 0 11 154 177 111 122 65 0 34 40 157 178 61 91 85 192 105 0 0 26 176 0 54 161 0 0 0 98 22 95 18 42 161 0 0 62 121 129 31 74 0 118 37 69 124 158 15 0 69 90 0 189 38 32 164 29 0 0 
0 161 185 145 39 145 184 166 127 0 19 0 0 96 0 146 110 128 0 185 0 4 0 0 0 69 156 0 0 118 142 62 117 139 0 23 21 82 0 15 75 0 138 7 34 0 90 170 83 54 11 58 24 12 143 155 154 109 17 189 43 148 0 0 158 140 111 57 26 0 81 192 0 53 0 113 82 52 0 1 46 16 187 0 91 159 190 116 130 39 62 56 186 0 41 75 11 157 179 75 168 153 154 170 0 149 109 0 179 0 14 24 0 6 62 0 32 138 111 169 0 183 50 97 93 134 127 180 
17 74 136 176 0 172 0 126 151 0 52 180 58 75 152 162 5 106 19 30 175 187 0 168 33 185 168 0 159 85 0 37 87 0 48 93 0 0 113 162 0 0 117 177 0 101 0 0 60 17 66 144 183 160 150 41 0 9 81 41 85 0 137 159 71 142 21 0 34 54 168 26 45 168 51 156 19 0 29 50 114 52 0 0 120 92 0 0 113 0 0 84 29 72 0 91 114 151 0 66 75 0 0 52 0 0 163 5 179 0 0 22 40 61 131 156 166 165 166 147 176 0 12 112 72 18 166 192 
101 179 24 178 128 105 0 36 34 73 75 0 143 0 58 165 164 0 0 150 0 140 3 92 91 84 0 0 32 52 156 130 25 137 45 0 33 0 87 163 141 0 0 0 81 33 0 123 119 123 191 0 192 36 82 12 171 102 157 0 107 42 0 0 52 44 167 115 34 44 28 0 80 83 0 0 102 0 109 61 5 88 170 6 60 3 0 0 81 13 138 0 0 100 0 0 56 129 18 186 0 151 188 66 0 144 81 0 117 85 181 0 81 0 60 103 118 171 172 9 167 131 166 166 35 18 5 16 
10 118 66 60 168 67 154 0 0 154 123 174 0 25 0 49 185 0 0 0 99 41 0 0 147 0 67 191 50 0 19 115 0 86 24 26 0 6 83 0 0 122 160 122 138 0 29 78 52 0 0 56 158 11 0 4 76 35 174 0 173 2 0 27 149 129 174 81 0 137 173 0 158 94 30 69 89 85 8 54 189 161 0 34 78 0 0 157 0 90 91 83 66 7 175 111 0 138 0 158 176 90 80 13 34 30 8 124 61 121 0 0 119 17 22 111 100 180 82 0 80 89 0 82 13 120 135 81 
168 98 146 100 162 169 102 158 105 174 0 152 28 0 144 0 8 128 9 0 153 0 119 18 171 0 71 24 0 102 85 0 116 175 189 10 6 26 88 104 0 149 0 88 88 82 180 94 61 115 9 35 120 0 0 177 159 178 74 0 83 70 67 18 41 27 30 0 0 50 61 132 159 155 0 0 103 15 191 1 0 129 0 0 0 178 80 85 36 2 57 167 152 99 0 92 176 187 81 0 79 127 176 58 0 78 48 164 96 36 35 111 137 119 188 48 104 169 148 95 23 141 81 69 86 111 2 182 
154 0 0 21 35 0 108 117 134 28 0 92 23 148 96 28 20 41 114 101 14 185 0 61 0 0 62 93 47 61 29 68 149 179 119 40 147 41 68 54 68 1 48 0 156 129 0 166 143 120 91 0 82 38 121 51 86 178 0 0 0 0 103 0 35 54 0 0 0 71 0 6 0 169 0 3 0 152 0 0 59 86 71 153 172 0 0 61 34 68 102 0 0 23 67 23 184 0 0 152 15 132 186 145 0 73 0 102 0 117 0 126 89 0 0 0 181 0 9 139 0 141 20 0 48 65 50 125 
0 102 188 0 124 0 0 20 150 81 107 147 0 80 0 83 133 0 39 0 103 0 137 162 0 0 162 17 192 0 65 31 7 0 181 0 62 180 24 0 123 156 128 27 135 174 154 19 82 1 88 0 0 6 0 156 172 73 31 65 182 18 119 0 24 33 121 191 0 148 97 0 0 0 146 66 172 99 17 40 39 59 3 0 177 0 52 59 180 108 38 148 59 84 127 187 0 140 113 0 45 104 113 27 110 103 0 95 29 70 24 156 39 0 129 94 190 0 176 182 164 113 81 9 136 142 5 0 
129 110 0 175 165 47 6 102 46 123 0 149 105 73 126 0 13 175 102 29 138 165 29 180 16 88 9 80 141 57 0 149 16 169 2 64 121 146 173 0 97 106 1 158 128 137 76 0 91 187 74 23 0 77 0 137 104 166 22 0 0 30 0 153 10 73 33 0 132 0 0 49 60 104 24 0 191 119 148 64 97 117 18 61 82 18 156 23 0 111 0 21 175 95 0 159 118 40 131 72 19 182 177 73 0 81 0 25 0 0 162 34 111 0 127 0 52 120 0 0 0 0 28 192 58 61 0 28 
0 17 147 0 25 83 0 112 122 182 31 104 0 191 29 152 0 163 159 0 0 142 66 135 103 143 0 0 56 4 1 161 63 0 17 0 93 0 74 180 0 180 36 52 119 72 100 168 178 116 0 70 0 165 107 34 63 25 187 0 185 0 140 158 78 162 172 84 59 189 75 110 0 44 146 0 96 0 117 0 92 117 109 0 0 37 84 102 103 68 178 167 181 0 22 12 0 69 98 0 54 186 42 5 176 0 112 77 81 107 0 119 0 121 30 171 11 92 67 52 189 14 67 1 0 39 156 59 
50 69 185 0 0 79 23 0 2 113 121 0 64 108 121 118 0 115 85 122 114 0 152 88 181 105 93 0 150 0 10 51 17 70 168 192 54 0 69 10 146 33 8 148 87 154 128 79 46 0 2 71 1 62 120 5 143 4 184 34 1 95 0 173 30 184 179 0 98 156 139 60 95 47 132 26 72 0 99 105 30 60 135 141 66 93 0 0 92 0 0 0 0 55 57 85 165 58 166 126 164 0 0 71 0 142 0 50 0 140 105 13 0 147 180 136 167 0 137 0 26 0 175 149 25 61 78 78 
158 116 162 135 58 0 156 180 104 90 176 15 170 148 0 103 152 106 0 71 10 159 81 147 0 170 37 48 24 0 128 121 0 0 34 0 118 113 49 192 130 0 0 0 44 56 87 0 143 168 145 129 143 82 58 155 51 155 41 120 60 0 17 180 106 0 0 159 136 0 166 101 23 26 20 0 87 0 57 0 85 127 53 0 0 0 0 106 0 114 0 174 108 15 56 84 0 173 0 91 82 16 99 157 0 139 138 116 52 192 98 186 75 191 55 117 0 9 155 16 171 183 169 109 104 85 163 0 
0 160 38 138 20 0 146 130 4 14 128 0 15 71 13 116 118 43 169 148 148 144 74 139 17 112 0 39 40 7 0 0 181 1 41 171 156 0 94 0 0 46 108 44 37 128 74 94 148 139 89 20 39 0 189 57 0 47 48 53 0 126 17 0 185 16 165 0 0 68 106 192 27 0 185 91 20 178 9 109 104 4 18 91 189 128 177 29 70 0 178 25 143 26 0 0 0 69 103 51 39 56 114 158 0 14 0 162 61 69 8 94 175 163 0 0 0 180 5 2 0 25 192 72 0 42 0 115 
0 0 0 14 150 143 66 0 92 0 114 0 0 106 48 31 0 0 0 178 83 71 139 0 192 0 72 177 0 42 95 18 0 57 0 121 167 127 6 23 109 159 0 23 0 59 99 27 168 63 49 146 0 167 22 140 9 4 102 97 87 105 99 146 123 184 97 33 71 134 61 183 17 0 122 181 52 0 129 102 186 56 16 0 1 94 0 42 55 179 0 0 35 81 28 56 56 0 64 119 4 73 142 185 186 176 164 0 64 126 54 0 0 0 0 3 157 10 0 85 0 97 0 19 0 133 24 0 
125 0 0 91 111 0 0 170 0 11 184 1 91 37 43 0 108 0 14 114 0 175 83 8 72 0 42 142 28 0 0 12 0 101 158 116 113 49 160 0 0 99 0 0 0 98 4 60 182 142 175 0 45 29 0 27 57 138 108 2 162 73 110 0 4 95 99 109 171 155 62 0 0 171 0 116 71 31 26 62 1 108 165 1 122 1 176 173 65 121 0 88 0 72 35 61 144 69 85 188 36 35 141 0 7 151 121 52 0 104 0 0 85 14 109 90 57 16 86 79 180 189 191 2 82 0 125 92 
190 187 0 43 53 79 6 151 92 183 112 84 71 121 103 98 83 0 20 0 65 34 56 145 187 27 148 92 97 0 145 0 145 119 124 163 85 29 0 34 116 0 82 156 188 57 0 158 26 39 0 76 149 83 36 5 24 0 122 73 75 88 0 95 150 60 116 43 34 0 4 175 111 164 179 0 80 163 0 106 135 112 151 170 145 147 36 0 0 55 115 26 126 148 132 93 3 0 154 112 14 155 140 183 104 107 173 30 190 176 0 126 174 112 12 0 109 182 124 0 0 39 116 161 38 172 0 45 
102 0 56 0 91 97 70 175 0 0 173 152 135 76 34 47 0 0 174 38 53 52 0 67 36 114 0 116 0 64 113 134 89 190 179 189 177 13 152 59 0 177 0 60 113 145 0 0 18 90 140 45 26 136 171 94 7 97 0 98 0 83 0 4 116 150 157 87 178 0 0 0 84 0 138 188 125 54 128 0 32 171 98 0 0 51 138 172 18 178 51 63 11 190 0 0 104 0 156 0 146 7 50 0 0 22 93 186 184 12 84 0 183 176 166 78 0 0 119 0 159 0 12 134 95 101 101 15 
0 1 0 43 121 4 0 27 34 87 25 189 4 41 78 112 167 177 0 166 0 13 0 189 12 30 0 86 99 101 0 48 77 101 8 61 0 107 3 23 93 190 52 55 92 140 0 78 0 27 107 111 33 127 59 0 51 39 50 18 0 35 118 102 0 36 0 86 0 0 0 164 0 0 0 58 20 17 172 125 189 175 0 6 0 0 0 13 0 62 115 96 91 77 123 23 161 0 95 143 0 48 0 117 178 3 0 113 73 101 50 96 34 56 102 185 188 29 130 66 127 0 84 180 54 69 172 5 
157 91 113 0 185 107 0 0 20 4 157 168 174 106 0 171 102 83 176 192 0 144 123 0 68 61 0 123 85 191 67 44 29 3 120 6 53 15 175 0 90 107 192 84 41 151 0 121 56 92 172 148 0 171 75 47 167 58 28 52 173 0 132 157 0 0 93 0 0 35 165 109 124 122 56 73 0 0 0 0 141 0 94 11 152 74 148 81 16 7 0 170 134 0 34 136 113 99 192 15 135 51 41 0 174 144 125 0 0 80 154 68 67 37 0 31 116 0 47 0 172 0 70 168 0 122 103 126 
0 0 151 55 107 129 126 1 177 65 19 91 29 166 0 71 100 131 0 137 175 0 97 36 48 86 0 95 160 0 90 144 68 0 0 64 0 45 190 82 7 66 42 71 52 72 160 100 186 35 0 120 0 176 188 67 114 0 0 106 25 0 148 116 177 26 141 174 89 40 120 164 98 85 124 151 90 77 20 151 37 168 13 34 123 60 170 112 170 0 20 0 54 0 0 43 89 69 84 144 52 0 51 129 37 0 0 85 83 138 39 155 190 164 171 152 55 0 128 45 0 0 0 118 97 61 0 149 
128 0 0 62 150 0 0 0 30 93 3 30 0 85 100 191 0 170 0 0 0 11 24 0 0 0 32 0 76 165 86 177 150 118 83 0 113 0 61 164 185 135 127 0 182 23 189 133 120 108 0 170 0 161 185 0 176 0 0 80 126 61 50 89 7 8 94 102 2 188 185 65 79 0 102 0 17 81 70 36 0 0 177 11 0 99 153 0 0 0 41 48 184 120 9 163 140 90 183 80 5 3 191 96 69 191 0 188 156 0 82 177 0 0 6 49 108 156 16 175 80 0 27 153 140 137 51 105 
16 1 4 189 21 75 75 75 0 176 0 114 68 93 0 157 16 34 46 0 34 0 103 158 0 116 0 81 0 30 107 134 116 185 86 0 96 145 165 144 13 78 28 176 56 155 181 146 27 106 102 185 0 102 0 43 8 128 0 12 181 0 121 41 119 42 0 53 180 176 10 136 57 0 0 107 116 0 115 3 173 106 88 0 152 96 145 89 39 5 0 170 88 111 0 0 187 8 131 18 182 48 75 89 173 174 0 0 61 0 71 119 51 73 99 99 0 0 0 100 132 168 0 0 167 112 181 0 
99 135 112 0 7 126 0 45 155 168 122 0 15 191 109 181 0 11 140 0 75 0 189 105 18 0 0 0 91 83 174 71 17 0 18 0 0 0 6 117 96 9 49 0 0 88 88 0 0 180 58 143 0 97 86 0 69 159 0 177 72 109 76 111 0 13 94 157 142 68 0 101 92 37 162 32 122 1 0 43 0 162 83 45 126 32 155 76 0 0 24 101 23 0 0 157 172 80 93 91 0 74 0 118 31 173 39 0 123 136 17 59 0 71 0 32 172 179 137 126 0 106 112 184 13 84 165 0 
74 69 0 182 0 156 44 0 171 68 0 80 123 0 55 189 0 0 0 42 97 66 0 116 0 92 151 118 100 112 97 86 87 114 179 0 70 154 0 167 0 0 86 31 0 42 135 0 158 126 60 155 79 154 0 87 28 0 46 191 19 167 189 184 78 79 144 156 0 0 73 111 0 0 183 132 8 179 78 113 84 112 0 98 100 75 151 0 99 0 96 90 142 83 125 97 14 96 157 192 153 0 0 14 7 43 0 183 0 154 156 0 80 141 0 174 8 40 0 0 142 142 170 0 0 89 0 187 
118 161 32 71 0 32 120 0 152 0 0 118 122 113 78 88 156 31 75 0 0 138 44 0 53 154 83 133 176 0 183 0 140 0 175 67 26 143 9 61 0 0 147 117 168 8 0 111 54 181 0 125 148 156 47 110 4 125 14 107 33 102 27 42 132 72 143 162 0 43 35 0 86 0 34 62 0 61 7 62 161 65 116 92 83 113 99 152 45 29 68 0 158 112 189 0 103 161 190 74 52 80 0 60 179 0 0 0 134 28 92 156 0 15 31 141 42 191 181 62 124 180 0 75 87 0 166 34 
135 112 95 133 156 115 0 101 126 0 5 0 0 177 167 164 72 98 94 16 26 27 62 8 166 132 66 10 110 79 33 168 0 0 134 48 76 120 0 118 3 162 135 184 0 58 0 62 0 0 98 6 0 180 39 53 21 43 162 49 0 9 94 189 0 184 43 0 53 149 169 19 169 176 0 45 49 76 65 83 16 90 32 25 25 71 73 7 0 48 173 0 0 62 0 0 93 18 148 186 37 185 111 2 0 0 153 74 27 130 0 0 183 32 177 0 151 67 126 184 135 65 130 0 41 0 8 0 
0 54 93 100 9 45 75 0 52 157 15 0 0 135 95 39 11 0 28 42 0 50 6 47 9 82 30 140 82 29 142 100 119 126 0 110 177 85 86 182 0 0 175 22 4 146 30 90 102 56 157 21 0 110 18 0 184 84 179 139 0 20 0 8 157 30 146 0 48 0 0 0 106 92 49 178 0 77 184 146 10 192 172 7 39 112 43 65 0 132 72 68 143 119 0 51 20 149 31 37 0 117 69 58 86 0 0 7 0 118 137 0 26 50 142 51 21 96 14 0 0 0 168 135 92 181 0 88 
0 0 0 192 145 0 106 5 68 123 18 62 14 171 0 32 0 0 84 52 0 188 91 28 47 127 152 126 161 60 86 102 60 0 182 104 38 0 0 0 105 47 45 0 141 132 126 191 17 0 136 41 0 0 125 128 0 0 0 147 12 0 0 0 112 49 0 0 181 150 62 0 0 0 159 142 80 173 131 157 150 190 142 16 150 0 0 76 190 0 45 156 51 98 71 167 0 167 23 0 0 93 0 38 0 80 0 166 0 65 171 65 0 0 0 186 0 93 64 113 0 84 165 0 0 42 119 76 
27 0 163 72 142 15 77 54 118 0 183 83 0 0 0 50 56 137 0 59 92 70 39 124 74 0 4 77 183 44 2 38 0 103 74 0 0 162 75 112 163 69 161 105 124 120 0 0 89 17 98 116 93 181 84 0 25 48 103 2 0 165 0 27 96 0 19 166 0 154 115 185 143 0 0 189 0 144 190 37 13 63 124 0 139 139 0 105 0 54 151 41 140 161 57 7 0 38 12 0 0 36 0 49 0 53 76 3 185 0 14 181 0 61 92 114 162 42 159 104 74 71 33 72 176 159 0 147 
155 55 0 0 176 74 67 23 0 83 22 178 0 16 0 50 34 29 97 50 0 6 0 0 148 19 73 0 15 0 129 12 0 0 0 17 59 169 61 0 11 9 0 108 120 81 41 46 0 56 42 0 183 0 68 146 127 17 184 8 17 88 0 0 0 40 140 125 101 37 146 0 135 56 0 106 85 0 124 0 4 156 0 17 0 115 87 0 0 157 86 39 35 23 0 136 139 102 141 184 0 38 22 83 166 142 151 0 87 37 0 97 151 112 112 0 185 0 147 0 0 136 0 0 0 161 0 59 
42 145 0 73 19 37 0 186 157 0 0 105 60 0 181 0 0 187 0 0 73 45 179 0 139 61 0 47 0 75 0 0 124 160 0 101 26 103 120 134 0 0 36 24 53 18 114 0 103 79 0 40 0 172 105 29 126 62 1 62 14 0 181 155 17 120 1 126 122 156 179 34 14 53 145 0 0 0 32 0 187 55 84 95 0 77 117 167 83 94 84 0 0 92 39 1 131 128 38 0 0 131 22 0 96 0 80 84 55 76 115 128 191 191 154 56 133 44 118 182 178 181 0 189 162 14 89 167 
139 142 121 13 0 48 130 133 84 84 0 0 29 162 159 74 0 0 94 0 0 155 156 0 0 114 0 49 0 7 57 8 0 180 177 164 25 0 0 63 148 164 126 0 167 0 32 16 0 0 131 5 181 0 0 98 189 186 23 0 100 37 128 134 0 0 2 167 91 130 139 152 86 147 0 16 0 125 19 187 33 0 0 160 0 0 14 157 188 94 160 138 158 10 0 15 133 98 79 45 148 70 65 0 0 119 0 168 180 135 182 0 134 0 75 104 19 186 0 0 0 0 173 0 52 132 93 176 
115 157 165 117 130 0 20 120 17 0 33 145 177 90 61 50 166 189 0 91 57 0 56 123 187 148 11 26 65 149 32 86 74 128 0 0 165 1 47 113 113 0 115 35 0 38 0 86 173 153 57 85 56 29 0 0 0 162 138 190 3 11 126 0 129 60 0 3 183 91 0 0 0 69 0 68 177 0 0 0 0 0 113 16 0 0 0 0 163 61 0 26 70 154 0 0 0 79 121 4 0 65 110 0 119 39 191 151 92 0 119 93 186 178 2 95 150 106 36 121 129 165 124 97 172 9 10 125 
133 20 176 0 0 109 177 80 0 185 16 76 20 83 116 32 137 0 135 8 0 165 23 184 0 191 0 0 173 0 186 0 66 0 78 0 48 132 104 90 78 108 0 95 47 131 137 118 31 0 150 24 179 26 75 0 149 103 91 0 35 63 187 187 94 0 41 0 146 175 18 0 0 2 27 24 16 14 188 69 19 0 14 0 0 170 71 104 172 108 146 47 184 29 145 38 126 53 40 144 0 129 28 21 171 88 114 133 161 185 20 144 6 69 56 0 0 0 69 39 39 176 176 0 6 0 125 115 
161 139 0 0 23 142 0 64 36 42 66 82 120 163 88 44 87 14 155 0 106 0 13 121 114 0 122 92 117 59 110 156 14 34 8 68 70 160 93 0 0 37 63 88 0 74 61 139 0 82 0 162 157 0 0 192 8 13 0 0 120 67 0 0 0 85 87 143 143 0 120 185 132 0 21 0 99 0 89 0 85 103 97 189 120 64 130 95 0 67 15 16 0 147 0 191 0 0 72 0 111 0 0 32 95 164 22 0 68 0 0 158 126 34 0 43 96 146 0 159 12 66 35 0 0 28 0 54 
121 0 146 0 0 125 181 74 107 83 166 79 26 185 0 83 0 151 107 120 73 24 15 61 94 0 1 2 132 125 182 127 0 0 0 138 74 24 0 0 90 135 119 164 19 32 120 8 0 130 0 43 138 50 186 0 184 136 139 58 163 0 0 0 0 0 0 0 35 67 135 1 171 3 169 86 73 16 93 118 68 22 96 61 129 183 169 140 128 0 0 0 0 187 110 168 0 14 125 140 171 100 32 0 163 0 177 70 159 77 0 39 143 0 14 23 0 141 73 56 20 28 172 119 147 60 49 0 
154 164 0 88 155 1 57 177 143 0 0 94 153 129 129 168 95 63 0 0 183 143 96 46 105 50 106 175 105 51 100 174 24 0 112 0 0 87 0 171 178 36 169 0 0 187 27 155 48 125 0 121 48 117 0 120 188 182 0 55 0 103 132 35 49 183 79 114 48 147 123 37 134 54 0 0 0 0 163 54 92 159 99 12 0 0 0 164 53 170 166 23 78 15 23 0 188 0 61 55 0 166 105 17 103 0 69 84 169 146 171 166 0 110 138 147 18 105 95 169 78 143 0 56 0 73 170 0 
184 78 70 69 0 130 171 93 54 10 0 166 0 153 0 0 128 38 100 0 149 82 59 92 82 142 51 33 50 0 155 0 0 135 0 128 179 135 0 189 0 63 91 0 87 164 158 176 161 152 41 48 66 88 71 0 0 184 8 164 62 41 188 0 68 70 0 53 110 129 0 29 12 48 83 5 165 162 136 0 0 12 75 25 137 53 111 124 48 84 51 81 78 23 4 89 20 101 162 105 0 47 89 35 54 101 115 147 118 37 2 176 158 183 63 55 31 159 36 77 0 156 56 5 0 42 78 144 
109 0 12 0 63 69 30 66 0 103 0 7 54 192 52 93 43 17 168 44 182 0 0 175 163 86 139 0 31 0 150 139 74 108 13 23 26 0 43 148 39 75 0 57 112 189 101 42 137 149 154 0 134 106 133 83 0 0 0 40 186 105 23 177 63 0 0 188 0 125 192 0 4 104 60 111 16 0 27 0 54 0 0 173 119 16 79 192 0 114 0 0 6 0 34 51 49 54 0 185 90 1 0 143 30 78 121 45 77 77 0 35 0 126 42 0 18 0 145 53 0 51 93 33 0 162 162 79 
1 39 0 95 151 0 132 0 83 0 127 0 84 29 170 62 0 134 158 22 1 87 36 39 86 119 107 19 101 29 135 23 0 0 16 165 142 141 118 68 129 44 0 160 6 67 50 0 80 19 1 143 155 113 110 8 2 116 191 0 11 7 180 62 115 161 158 103 187 26 130 160 120 39 97 5 118 0 0 163 0 98 169 25 113 88 148 17 190 149 106 0 89 79 144 9 139 69 18 187 0 168 3 13 165 11 63 28 106 64 159 87 87 32 27 94 23 121 52 161 0 0 50 73 158 19 32 0 
0 97 39 147 0 9 137 133 44 0 79 161 81 0 5 157 91 84 28 0 144 107 17 0 162 101 0 0 157 152 144 0 87 43 0 0 149 150 156 0 88 26 96 103 101 51 0 0 38 25 83 66 25 63 0 90 40 0 184 5 136 28 9 0 0 102 152 56 143 0 53 104 26 47 80 0 92 4 0 36 33 0 177 93 183 124 108 120 108 6 59 136 147 67 0 36 192 94 0 0 2 57 84 47 0 0 60 149 100 79 187 30 184 181 73 81 0 86 38 88 58 140 55 7 143 75 77 11 
169 116 10 38 181 28 0 9 0 114 168 141 167 0 30 75 73 0 0 132 160 153 0 35 0 0 3 109 1 88 0 23 83 0 83 124 163 75 4 110 147 15 0 97 0 175 83 30 74 87 0 139 153 6 156 0 0 44 0 0 58 142 8 0 135 97 61 23 177 32 64 64 182 0 114 0 162 0 0 166 138 0 29 187 0 11 84 102 35 3 112 157 170 154 0 0 0 0 43 48 0 188 0 166 136 180 116 128 0 2 0 185 54 33 111 117 181 46 127 70 0 13 63 166 90 109 38 168 
0 50 34 10 183 70 0 190 163 54 191 172 37 0 0 87 149 60 4 33 115 115 5 0 102 0 159 0 176 0 0 188 62 0 107 134 19 54 70 72 191 120 0 148 74 101 161 104 68 39 0 116 163 163 140 139 0 159 0 0 158 17 37 89 157 0 145 108 154 0 0 1 119 128 0 66 75 64 80 56 81 0 4 43 141 100 31 138 1 43 0 100 167 12 83 172 69 0 177 61 127 168 46 70 31 146 152 175 138 0 110 143 10 139 123 0 168 157 56 10 131 0 175 71 182 0 0 173 
0 112 122 101 0 128 123 106 172 176 0 0 87 0 0 182 164 33 146 13 123 112 172 0 0 177 66 22 128 54 36 49 74 184 170 0 109 71 15 98 0 2 0 9 17 84 5 0 108 0 0 180 121 188 0 0 113 93 172 115 0 0 0 95 0 3 161 147 82 181 148 140 0 0 159 0 0 150 170 108 55 175 133 0 169 0 65 149 38 26 105 0 32 156 0 82 164 0 4 95 145 81 155 54 88 11 165 78 110 0 0 9 41 37 92 175 0 11 0 181 0 12 85 38 51 62 56 54 
