32
0 42 35 42 9 27 0 0 11 0 46 0 33 33 34 43 0 0 17 30 8 5 36 24 0 39 36 24 7 0 9 36 
14 0 20 0 4 0 40 0 1 32 18 9 13 31 28 0 39 23 9 17 38 34 34 17 36 15 48 8 15 6 0 7 
44 43 16 44 42 45 7 31 48 6 22 0 30 23 42 37 2 35 26 1 9 19 30 23 21 0 17 0 25 8 0 16 
3 34 13 48 0 24 0 47 2 26 10 34 5 4 6 34 0 37 0 0 47 30 14 0 0 22 15 29 22 32 32 0 
17 17 19 11 25 5 26 4 17 16 34 37 0 0 0 21 33 19 0 39 1 0 37 0 38 9 32 17 25 4 11 24 
46 48 0 23 47 9 18 30 48 0 16 34 8 36 22 25 31 0 22 0 45 23 23 0 3 32 3 10 0 3 0 0 
41 20 8 26 22 0 0 39 15 0 45 41 5 40 47 38 6 8 34 1 36 1 23 32 6 47 0 0 0 0 29 24 
29 41 17 47 46 27 12 6 30 44 0 0 9 45 0 38 18 0 26 0 33 12 9 38 42 15 7 36 19 0 15 0 
10 8 0 11 0 32 30 34 25 0 14 4 32 9 0 8 22 0 0 0 0 17 9 1 4 32 0 0 31 19 0 0 
0 0 34 0 9 6 2 48 1 26 0 0 3 9 39 18 26 0 28 9 40 0 30 23 24 2 46 30 25 23 0 17 
26 0 0 22 31 27 31 17 0 19 12 31 34 24 28 13 0 0 4 19 13 21 0 24 6 40 35 0 13 22 32 16 
9 18 0 0 30 0 41 4 26 16 21 4 35 16 0 11 41 0 7 23 15 17 39 18 28 0 0 29 9 35 37 43 
0 1 24 39 2 0 42 33 25 0 22 16 0 28 0 0 0 25 7 7 0 0 30 8 13 26 3 27 30 1 8 5 
33 0 0 30 15 38 41 44 25 47 0 45 35 42 25 2 14 4 0 5 0 36 0 43 0 32 13 23 31 23 1 43 
0 24 0 0 4 0 0 35 25 0 24 45 6 29 14 27 0 46 0 0 25 2 20 20 32 46 16 37 31 29 31 0 
43 43 20 2 0 43 19 45 33 9 35 23 6 13 0 46 33 45 23 0 27 1 45 35 3 13 19 48 38 0 36 1 
0 15 0 30 0 11 0 36 39 44 24 30 21 0 22 34 42 0 4 7 0 42 37 36 0 11 24 40 36 30 41 2 
16 24 0 0 28 36 35 0 29 20 23 7 13 45 14 48 32 41 27 20 10 29 42 35 41 25 47 47 32 47 0 16 
6 26 0 23 20 15 0 8 4 0 12 0 31 0 26 13 0 36 42 0 0 0 9 14 0 8 0 38 0 0 42 8 
0 19 16 0 23 31 36 0 35 4 9 19 31 46 0 0 34 23 15 30 40 41 44 0 32 40 35 14 0 0 9 38 
0 0 11 34 37 24 1 27 38 6 43 36 23 43 32 11 8 46 18 25 38 0 40 7 6 28 0 7 0 0 16 17 
22 5 17 47 11 17 13 3 11 14 0 3 46 15 35 4 20 13 46 31 16 46 33 22 44 43 0 0 12 39 29 7 
0 42 15 40 0 0 42 13 42 32 15 0 8 37 44 25 0 5 0 0 15 14 40 35 46 45 36 14 38 0 8 25 
17 38 3 37 26 6 0 0 41 9 0 25 0 7 0 33 4 45 40 24 47 48 1 32 15 47 29 0 26 0 40 37 
6 23 29 10 27 9 18 0 0 11 0 30 6 28 0 17 46 33 10 16 45 8 0 18 0 46 46 5 18 40 23 13 
27 21 0 46 32 0 38 33 7 5 41 29 12 11 15 46 28 9 0 43 11 44 26 0 10 9 30 31 47 0 24 0 
5 21 29 5 0 0 0 4 25 18 0 42 28 0 23 31 25 29 29 41 30 21 36 40 28 0 0 42 0 33 0 2 
4 7 15 21 20 35 0 34 0 0 30 0 36 16 0 24 2 38 14 27 0 32 47 9 0 13 28 38 42 10 21 37 
13 17 24 0 28 18 20 0 5 0 12 16 0 24 0 41 9 33 42 0 33 0 7 20 0 25 0 5 16 39 39 30 
39 20 23 0 0 0 48 20 0 0 0 0 2 13 3 41 29 37 38 40 34 2 11 31 15 39 8 0 42 21 0 41 
18 42 22 0 24 3 0 41 19 0 45 28 0 30 0 4 0 29 0 31 0 44 10 18 0 0 26 5 4 0 33 2 
0 7 20 10 46 0 0 0 0 16 17 8 20 1 13 45 0 45 44 2 8 0 41 9 21 3 35 33 10 0 0 48 
