64
0 31 49 67 49 0 25 40 31 89 0 85 90 8 17 0 17 48 8 80 5 64 87 0 0 28 0 77 0 74 25 28 60 0 0 82 0 0 0 39 0 0 0 21 6 41 64 89 60 0 19 21 31 39 70 92 27 0 76 48 0 89 57 49 
34 9 24 38 31 14 21 0 20 65 2 71 51 0 27 0 96 0 72 73 5 0 14 0 0 36 95 48 0 0 26 0 46 0 66 25 76 71 31 5 76 93 0 92 65 22 0 0 15 0 53 93 8 11 78 45 93 56 46 72 0 14 90 23 
0 29 39 4 0 18 77 0 0 0 53 78 8 82 29 0 0 96 62 33 0 63 0 0 50 0 0 78 49 86 76 42 0 79 22 32 17 17 65 70 9 80 28 69 43 40 78 33 42 39 51 81 53 62 95 42 0 77 7 0 13 92 51 92 
59 11 17 71 0 65 0 0 29 66 62 0 0 0 71 63 58 0 0 61 94 21 93 23 3 0 48 81 40 71 15 67 18 31 27 11 10 72 13 33 10 67 21 74 0 0 27 29 28 0 87 43 0 29 33 93 72 89 0 21 0 7 53 20 
33 0 0 34 54 70 0 88 48 0 6 32 0 0 17 66 0 55 39 96 0 53 93 75 74 88 31 25 0 3 0 0 33 0 0 17 93 44 0 74 29 63 0 85 13 68 95 93 91 18 83 93 62 57 44 1 33 0 53 10 0 48 13 89 
94 86 72 0 94 73 43 82 95 86 25 89 92 61 69 58 0 0 0 0 0 77 17 67 69 25 0 45 34 43 93 65 15 0 66 0 62 81 32 0 0 22 69 48 65 51 59 36 79 38 0 86 0 88 60 43 7 0 6 28 54 62 54 41 
53 0 0 20 0 90 89 36 4 0 0 0 82 45 77 0 0 43 21 44 5 23 54 0 0 0 45 2 93 94 66 79 60 93 96 0 41 0 0 88 0 45 55 15 0 45 94 32 61 0 52 0 0 65 89 74 52 90 50 66 72 27 34 4 
84 39 93 0 0 0 30 0 0 83 19 0 37 0 0 75 33 31 0 6 47 77 37 67 96 0 95 84 0 83 11 53 0 35 76 19 30 33 0 15 1 59 20 0 75 59 29 13 95 40 66 82 47 53 81 26 25 66 67 50 62 1 9 37 
69 11 0 65 55 0 0 1 0 2 35 0 0 61 0 76 35 27 92 0 79 76 52 28 0 76 86 10 81 8 1 0 6 10 90 0 81 23 65 0 40 61 36 90 34 71 27 18 25 60 0 62 19 65 23 86 0 0 0 22 0 96 83 0 
56 67 0 0 0 38 20 95 0 78 47 0 92 13 5 78 65 2 71 21 37 81 54 41 52 49 79 91 77 87 31 38 35 93 86 86 0 83 78 59 40 81 26 2 76 75 94 34 0 51 0 0 73 0 27 12 0 0 9 0 55 0 6 10 
85 87 9 1 70 37 0 0 38 13 34 13 0 29 48 0 83 58 65 73 0 82 2 0 80 74 84 62 85 73 51 33 19 41 29 61 37 86 4 71 13 0 90 36 0 0 58 50 30 72 39 62 95 8 9 32 94 0 89 0 39 2 0 39 
42 0 62 30 0 89 38 82 0 0 14 0 11 96 79 79 77 53 36 34 27 73 51 0 0 0 56 42 0 0 0 5 52 22 0 25 72 24 30 58 53 89 14 32 47 36 0 17 51 0 0 50 8 0 0 57 63 92 82 0 0 0 31 12 
0 94 48 0 22 33 95 0 18 46 13 84 37 29 43 43 52 53 87 0 27 49 0 90 0 20 62 0 0 64 0 64 32 0 66 27 84 60 51 12 92 36 62 2 86 0 64 17 72 0 56 53 0 46 45 0 48 34 37 72 64 48 73 96 
10 48 69 0 0 50 1 47 0 4 27 64 0 52 54 18 5 55 0 0 19 0 85 22 0 0 73 59 17 81 0 67 19 40 0 46 76 0 3 8 50 2 64 57 35 39 80 70 2 0 76 0 23 70 39 69 22 33 60 83 17 78 95 0 
89 13 10 2 78 0 79 0 32 39 37 89 14 45 82 0 3 0 30 55 82 30 38 23 95 34 94 77 0 45 0 0 82 43 0 13 9 45 45 0 32 91 48 0 0 27 12 86 0 47 27 0 72 67 42 45 1 72 42 0 13 65 48 15 
12 0 83 52 3 73 0 26 0 88 46 0 0 49 41 83 28 0 80 39 75 73 28 0 0 28 46 70 91 4 44 41 23 88 7 51 0 0 34 0 25 69 0 42 8 19 91 0 68 43 96 5 66 78 63 0 0 33 28 36 5 35 79 56 
65 57 0 63 0 11 42 49 0 0 77 0 24 90 32 15 62 9 94 54 1 43 25 0 65 0 10 41 75 44 0 41 0 0 85 76 80 0 83 36 60 1 76 19 0 0 0 0 52 0 47 42 0 83 20 75 0 0 19 0 81 8 58 60 
54 35 21 0 88 0 58 64 41 52 16 70 3 34 96 47 82 0 0 11 23 46 83 22 22 26 0 0 0 84 2 0 0 13 63 36 54 13 61 0 6 0 36 4 26 14 92 84 54 0 0 31 24 37 44 16 25 40 33 48 41 86 3 1 
50 0 10 67 24 87 74 7 0 69 0 0 27 0 13 0 59 31 0 0 0 78 15 0 6 0 50 69 55 13 56 18 41 9 0 60 29 57 28 14 0 41 2 0 0 44 39 77 23 64 79 13 39 60 48 84 22 93 78 77 0 30 94 0 
79 0 33 9 35 50 0 60 0 0 0 9 92 68 10 43 0 42 96 65 10 0 4 89 0 69 19 65 78 34 95 0 28 40 28 13 0 73 58 0 20 0 0 0 10 59 80 0 85 90 46 77 70 39 25 60 5 8 85 0 0 63 70 58 
84 68 0 61 56 67 61 1 63 27 20 14 63 58 80 0 59 80 56 81 82 0 0 0 90 68 58 0 23 30 0 31 2 94 30 59 4 0 95 0 54 0 72 0 2 0 0 83 96 23 44 0 67 35 32 35 0 5 0 5 0 0 80 22 
63 0 0 0 87 0 0 7 34 13 0 71 0 0 52 66 61 61 72 0 50 8 94 55 0 8 58 95 76 90 20 68 90 0 47 0 0 87 0 92 0 46 43 44 3 30 0 0 94 64 3 14 3 34 39 14 20 0 0 36 6 10 19 95 
68 89 90 0 0 11 0 0 43 0 11 11 69 27 28 84 27 18 28 0 81 0 33 7 12 0 69 32 25 26 38 95 85 17 61 0 58 82 27 0 67 0 93 20 10 69 0 84 19 4 0 64 56 36 0 86 0 65 27 70 43 51 37 0 
79 94 50 0 12 66 0 34 41 0 6 41 0 90 0 0 9 37 40 25 86 96 84 9 0 0 87 21 70 0 0 0 62 77 49 14 89 0 33 65 11 9 47 81 77 48 5 0 7 0 83 37 28 75 70 0 0 0 26 50 71 96 3 33 
43 85 13 0 24 62 95 0 92 55 78 0 86 30 0 0 5 29 77 83 0 85 6 81 75 92 6 53 19 0 30 6 67 13 11 0 45 19 0 0 13 21 20 0 93 80 49 83 65 53 95 18 70 26 53 50 36 24 0 74 0 35 82 0 
40 95 0 89 12 35 19 88 0 0 44 0 30 83 33 3 74 32 6 36 28 0 0 38 3 27 83 34 53 92 81 65 95 0 56 68 28 26 27 56 4 75 0 4 63 0 55 32 52 84 0 0 3 60 10 16 53 36 0 79 0 68 0 79 
0 67 77 0 0 72 81 82 20 14 4 4 85 28 41 0 76 72 57 94 0 45 29 0 95 71 78 79 75 46 14 88 1 31 8 90 0 0 36 46 69 5 11 28 62 75 79 0 46 0 45 35 44 21 25 0 79 20 81 0 0 70 47 37 
0 90 81 37 15 32 45 0 0 23 0 0 22 50 0 44 6 16 0 0 56 0 83 0 75 40 76 33 56 2 60 0 60 59 75 1 45 39 0 0 48 68 0 46 0 39 96 56 49 76 32 88 40 43 85 7 58 67 81 4 0 88 43 10 
18 43 8 0 65 0 27 33 0 47 28 60 0 24 95 11 0 83 0 24 0 76 63 0 59 56 96 13 59 7 52 0 18 51 0 71 34 95 4 5 31 73 9 35 0 92 0 87 89 91 31 78 43 16 63 54 0 0 0 46 94 0 0 8 
26 0 5 52 70 0 14 95 40 60 29 0 9 71 5 0 34 60 79 0 24 0 23 69 0 0 87 74 0 76 55 71 13 93 0 18 94 24 62 34 19 15 90 40 50 0 22 65 0 62 78 0 0 25 65 13 26 77 90 0 57 54 33 90 
88 30 88 48 70 90 0 75 20 11 70 6 31 23 0 93 0 69 31 94 30 0 56 4 8 95 0 87 40 51 52 5 9 0 31 0 35 77 34 37 74 47 46 0 57 2 0 0 53 30 85 48 0 46 0 75 36 35 80 79 53 0 0 24 
78 52 33 26 15 0 78 34 47 85 9 9 81 93 27 0 44 23 48 80 0 57 0 22 0 10 0 14 44 1 20 0 0 44 17 35 0 58 21 47 0 18 62 31 69 0 95 80 49 66 66 68 38 24 62 89 18 0 20 17 67 0 28 56 
21 80 32 75 30 57 58 91 61 0 68 84 0 31 0 38 0 60 90 75 91 30 94 74 67 0 0 0 58 29 51 0 69 25 2 43 61 78 2 30 12 0 20 21 14 25 85 38 68 34 71 23 37 0 46 90 0 74 0 46 0 84 86 0 
0 42 77 40 0 0 15 18 0 0 41 44 47 56 49 0 77 1 57 53 7 44 72 7 43 85 18 30 21 0 18 85 54 64 46 2 75 59 0 1 39 6 59 73 28 0 44 42 4 50 42 74 0 84 26 15 94 82 74 33 25 47 0 5 
88 9 39 15 0 41 0 0 0 89 0 0 92 32 0 18 0 91 77 18 0 0 58 76 63 50 55 38 0 8 73 0 24 78 86 84 71 24 23 5 10 0 89 0 61 0 70 71 40 59 0 0 42 50 84 60 55 45 0 21 54 0 0 13 
0 90 0 57 0 41 78 75 87 45 72 25 40 23 15 90 11 63 47 0 74 56 16 9 19 41 85 38 48 27 41 8 0 0 92 37 60 81 39 0 8 48 80 16 79 84 4 0 0 0 0 38 0 0 22 72 45 50 0 93 81 17 93 4 
44 34 77 35 84 26 0 27 0 51 3 0 0 82 44 31 25 18 0 13 47 7 0 62 12 7 24 12 82 53 51 56 24 20 7 0 0 56 5 62 90 45 66 96 0 39 0 12 23 0 44 54 23 37 0 59 33 78 16 0 64 1 0 2 
94 16 11 14 65 60 0 46 65 0 43 67 0 0 0 0 89 59 0 39 0 3 30 87 80 88 0 90 55 44 72 87 0 44 3 0 37 94 8 55 85 0 77 0 66 0 63 33 0 0 89 1 37 0 0 65 42 58 37 87 18 52 33 91 
84 43 34 43 81 0 19 57 0 37 1 36 50 0 63 0 43 50 0 21 0 79 0 44 38 48 8 4 65 91 95 0 37 69 59 0 75 92 30 7 14 0 0 80 59 0 5 86 34 1 74 23 0 30 33 66 30 21 48 16 14 5 60 32 
42 26 23 0 54 13 63 0 47 61 69 88 0 95 36 21 11 67 35 0 52 0 21 68 84 56 53 0 1 0 0 4 4 32 62 0 34 90 0 0 78 0 87 0 27 25 86 18 22 52 27 60 0 33 4 55 68 2 89 50 0 2 24 18 
0 77 69 0 0 0 29 0 58 42 31 0 80 57 62 0 78 5 48 24 90 0 71 0 19 6 0 29 56 0 23 0 80 52 57 35 14 40 0 64 0 40 0 90 43 8 8 81 37 0 31 19 60 84 6 51 69 0 86 16 19 73 76 0 
88 79 29 38 20 92 0 27 91 9 37 39 0 34 47 0 0 74 7 0 78 65 67 0 96 25 94 0 62 77 95 96 2 29 71 19 71 26 84 53 95 90 80 71 0 68 59 58 0 30 41 0 87 28 76 23 80 72 63 9 0 0 7 0 
67 0 0 86 2 96 54 63 89 0 55 14 48 69 83 89 78 0 0 1 11 29 0 0 0 43 5 93 64 62 41 77 0 14 6 49 27 0 32 86 94 82 0 42 64 83 32 91 12 0 17 23 0 49 84 39 82 69 19 96 0 44 31 14 
67 0 42 25 50 79 71 55 37 35 0 54 59 66 28 0 0 0 27 79 32 3 45 0 37 0 0 0 18 84 27 58 0 50 76 8 10 10 83 18 0 44 0 92 59 0 0 19 92 51 90 54 0 22 52 55 46 0 35 51 65 0 63 0 
4 22 49 0 47 0 0 19 30 67 60 62 0 0 34 65 0 57 0 0 79 83 71 0 0 44 61 21 9 88 55 0 0 0 36 4 89 0 38 83 63 5 0 91 0 44 21 90 91 3 88 53 51 0 0 75 85 0 0 86 46 35 56 21 
23 0 28 34 89 0 67 81 85 0 0 0 38 0 83 94 8 55 0 26 77 0 0 0 21 54 9 94 0 36 0 0 24 0 54 80 77 36 0 75 83 67 23 85 62 0 0 0 7 0 51 90 91 20 91 0 0 52 0 53 88 96 16 22 
77 0 29 16 53 11 0 20 30 82 17 0 72 11 24 0 0 57 87 88 68 26 0 36 13 0 4 86 15 16 83 21 23 9 1 65 67 0 8 26 0 0 56 54 45 53 86 49 0 0 45 46 57 41 59 15 0 60 0 17 66 6 0 78 
10 72 69 0 36 37 7 54 0 30 11 47 15 87 72 0 78 0 15 63 0 47 22 0 0 37 0 51 8 34 41 85 42 0 0 57 15 92 4 36 56 26 95 94 85 0 0 64 8 58 5 82 52 77 59 0 24 74 82 26 91 35 77 1 
0 0 32 35 79 91 30 84 85 75 48 43 45 56 0 8 60 33 0 96 76 42 74 78 60 80 37 30 80 75 69 36 83 49 73 80 0 19 96 57 69 21 15 77 90 7 0 82 62 70 0 0 68 13 78 90 32 3 82 0 69 8 23 88 
88 44 0 0 94 0 0 11 35 31 89 0 75 0 0 45 0 37 1 0 87 81 46 0 23 77 95 75 0 0 83 40 41 0 86 0 88 0 31 19 0 0 52 0 92 22 4 13 88 2 39 0 16 28 0 5 67 66 23 63 80 38 45 7 
6 48 90 90 17 0 95 57 4 0 12 16 0 14 68 41 76 0 20 39 23 0 9 65 0 0 0 23 94 54 0 0 83 57 82 24 48 45 42 8 82 57 0 36 0 23 0 45 50 95 0 68 65 44 75 12 0 95 94 29 59 23 94 86 
64 0 44 0 15 75 16 0 15 0 85 60 32 54 31 0 30 0 68 87 68 96 44 80 94 0 67 8 30 4 32 70 49 34 0 0 20 0 86 25 20 62 86 92 62 0 2 15 83 60 8 93 63 0 22 40 53 43 88 80 87 39 0 29 
3 0 2 93 92 86 0 40 48 0 93 61 86 35 0 54 32 66 40 83 0 0 7 14 0 49 25 36 21 25 81 65 39 0 85 39 85 68 71 40 0 0 10 0 43 15 37 48 29 90 0 35 91 68 49 91 28 72 67 31 74 0 25 60 
25 0 56 58 45 93 0 95 21 0 0 10 64 61 94 17 90 43 0 29 51 43 21 45 0 88 66 0 63 41 82 27 11 7 49 0 73 68 0 0 46 51 0 35 54 42 0 0 8 56 38 0 1 54 0 30 46 60 42 18 31 72 0 0 
0 90 73 39 91 31 45 51 69 0 34 28 0 0 56 2 0 0 96 80 45 6 90 0 51 11 69 32 8 71 3 45 0 36 27 0 0 24 57 0 68 87 0 40 53 26 0 51 0 75 0 0 88 0 16 0 9 4 2 17 21 13 6 49 
0 36 96 53 83 55 80 0 12 60 15 0 82 77 0 90 34 0 70 82 67 0 5 0 13 0 0 38 34 25 45 36 0 0 50 62 45 29 0 27 0 0 29 92 2 39 40 43 11 0 44 74 0 6 0 14 46 65 82 0 18 0 0 71 
66 9 67 11 91 32 18 34 7 57 0 0 64 27 0 20 0 0 0 50 88 59 0 0 0 48 50 94 0 26 27 0 30 0 14 0 93 78 57 24 0 0 0 0 60 0 3 0 75 15 60 0 0 0 80 26 85 0 85 93 6 3 0 34 
0 62 61 45 36 24 57 82 21 0 0 76 32 55 0 87 41 82 79 92 32 82 0 0 27 43 28 0 50 92 12 12 0 0 8 0 0 51 0 0 61 5 16 77 0 0 52 78 0 70 90 13 9 29 24 12 86 89 22 36 5 28 16 66 
0 0 0 48 40 23 82 0 78 23 19 38 36 0 0 0 7 94 38 39 0 0 55 67 87 49 49 0 0 32 0 0 0 49 92 87 91 36 0 26 79 67 65 33 90 88 76 0 0 48 77 36 56 41 38 21 94 31 0 75 87 63 66 23 
51 44 96 32 67 13 25 67 48 71 54 0 66 66 15 54 6 76 0 55 40 41 0 77 0 46 0 0 64 6 0 95 7 28 35 0 49 42 9 15 32 51 41 0 60 35 0 0 0 9 87 84 0 0 0 85 22 41 39 48 49 87 79 94 
20 10 64 0 34 13 56 0 14 75 0 13 0 0 79 0 0 0 10 40 84 0 70 0 85 8 4 41 21 1 65 71 78 28 96 63 20 66 47 63 67 0 49 17 90 16 56 71 14 0 64 0 32 93 0 12 29 0 0 0 73 1 0 51 
1 0 94 0 91 0 16 50 0 28 63 47 93 55 13 58 38 33 30 0 18 51 67 3 32 75 0 43 51 10 52 25 52 1 54 62 86 38 43 0 34 24 6 0 80 58 27 41 24 83 21 6 27 7 44 0 0 50 3 20 57 24 0 0 
41 58 0 69 0 50 0 81 89 20 7 89 9 17 90 0 0 0 0 21 0 64 35 0 0 39 68 0 43 15 0 0 33 0 0 0 35 11 0 47 48 54 54 40 10 33 0 55 0 5 0 32 23 44 24 84 22 68 0 88 29 58 29 74 
0 89 29 0 10 51 36 34 0 44 0 37 38 0 0 13 0 58 60 0 0 44 47 21 0 17 58 84 63 0 0 61 2 48 50 30 0 53 88 50 70 17 0 59 56 64 79 62 81 91 0 0 1 0 0 4 54 72 0 96 0 0 61 0 
