16
18 2 16 0 17 7 10 0 8 4 16 4 24 23 21 5 
0 4 3 16 15 0 0 23 2 23 11 4 12 11 22 0 
5 9 4 15 14 1 24 1 18 8 16 22 6 16 23 8 
1 12 0 17 5 0 0 1 4 11 0 20 13 0 0 10 
8 0 0 0 11 11 4 0 0 6 14 0 12 19 4 22 
1 2 2 2 6 12 0 0 1 0 12 17 23 16 23 23 
11 9 5 8 9 8 20 21 0 11 0 11 0 19 6 0 
10 3 18 5 9 3 11 0 2 0 11 0 5 0 18 0 
9 1 15 17 23 8 8 1 5 9 23 1 4 0 7 0 
10 22 2 1 0 0 12 19 18 16 22 17 0 13 0 15 
3 0 0 10 22 24 0 0 0 0 3 0 0 23 2 22 
0 0 12 0 0 7 11 22 22 16 14 22 0 18 5 0 
1 0 22 6 1 8 0 14 9 0 0 3 0 13 16 0 
10 0 0 0 9 16 20 14 23 0 2 4 5 0 0 13 
11 4 8 0 2 4 0 0 15 5 20 1 15 4 9 17 
0 3 0 17 0 17 0 0 0 0 0 23 13 3 11 21 
