16
7 0 12 7 10 0 5 0 5 9 11 11 9 10 7 0 
11 7 0 7 8 11 7 3 4 2 0 10 11 0 3 0 
3 10 10 2 0 4 12 7 6 6 6 11 11 11 6 3 
0 0 0 9 11 1 0 3 9 12 0 7 0 5 8 6 
1 5 0 2 9 6 11 9 8 10 0 9 11 2 0 8 
10 12 12 9 3 2 4 4 12 12 8 10 11 0 11 10 
8 7 7 8 10 12 4 3 5 7 4 2 4 4 1 0 
11 12 0 0 0 0 0 4 2 3 12 1 12 12 12 7 
11 6 11 9 3 10 10 12 5 0 12 4 0 0 1 0 
10 7 4 9 9 9 10 6 6 2 8 4 0 7 0 12 
4 0 12 6 0 0 7 10 0 5 0 0 0 0 8 0 
0 0 11 3 0 7 11 0 0 6 3 9 0 7 6 8 
0 1 2 0 8 0 11 9 8 11 4 0 8 3 12 7 
7 0 3 1 8 0 12 0 8 12 0 4 5 9 6 6 
1 5 1 3 6 4 4 0 0 1 0 9 0 6 1 2 
10 0 8 3 7 6 7 12 0 6 8 12 4 4 0 1 
